Date,pred,asset,model
2007-01-05,0.0006074137529620278,SPY,"ARIMA(1,0,1)"
2007-01-08,5.664688481212465e-05,SPY,"ARIMA(1,0,1)"
2007-01-09,0.0007581904779402969,SPY,"ARIMA(1,0,1)"
2007-01-10,0.00031135381471782483,SPY,"ARIMA(1,0,1)"
2007-01-11,0.0005917767095609545,SPY,"ARIMA(1,0,1)"
2007-01-12,0.0005571890481249249,SPY,"ARIMA(1,0,1)"
2007-01-16,0.0007335214263249638,SPY,"ARIMA(1,0,1)"
2007-01-17,0.0003218767760503631,SPY,"ARIMA(1,0,1)"
2007-01-18,0.0005383418831340162,SPY,"ARIMA(1,0,1)"
2007-01-19,0.0003025530471312026,SPY,"ARIMA(1,0,1)"
2007-01-22,0.0006587481406474491,SPY,"ARIMA(1,0,1)"
2007-01-23,0.00022917962537374566,SPY,"ARIMA(1,0,1)"
2007-01-24,0.0007784818120998294,SPY,"ARIMA(1,0,1)"
2007-01-25,0.0009192321942450006,SPY,"ARIMA(1,0,1)"
2007-01-26,-1.9978814930033425e-05,SPY,"ARIMA(1,0,1)"
2007-01-29,0.0006345901201624403,SPY,"ARIMA(1,0,1)"
2007-01-30,0.0004218631444597761,SPY,"ARIMA(1,0,1)"
2007-01-31,0.0007035253372937527,SPY,"ARIMA(1,0,1)"
2007-02-01,0.0007757696561472555,SPY,"ARIMA(1,0,1)"
2007-02-02,0.0007909840313642495,SPY,"ARIMA(1,0,1)"
2007-02-05,0.0005272503136249079,SPY,"ARIMA(1,0,1)"
2007-02-06,0.0005791251551210517,SPY,"ARIMA(1,0,1)"
2007-02-07,0.0006002687745030497,SPY,"ARIMA(1,0,1)"
2007-02-08,0.0007374469983536814,SPY,"ARIMA(1,0,1)"
2007-02-09,0.00046139001699979935,SPY,"ARIMA(1,0,1)"
2007-02-12,2.953049687346766e-05,SPY,"ARIMA(1,0,1)"
2007-02-13,0.0004663763330728791,SPY,"ARIMA(1,0,1)"
2007-02-14,0.0012452065984759615,SPY,"ARIMA(1,0,1)"
2007-02-15,0.000865471698324535,SPY,"ARIMA(1,0,1)"
2007-02-16,0.0005647611262817112,SPY,"ARIMA(1,0,1)"
2007-02-20,0.0005010784166804481,SPY,"ARIMA(1,0,1)"
2007-02-21,0.0008641731737666882,SPY,"ARIMA(1,0,1)"
2007-02-22,0.0002483195316954691,SPY,"ARIMA(1,0,1)"
2007-02-23,0.0005126554901202622,SPY,"ARIMA(1,0,1)"
2007-02-26,0.00015855809144115472,SPY,"ARIMA(1,0,1)"
2007-02-27,0.000547399376671255,SPY,"ARIMA(1,0,1)"
2007-02-28,-0.004044963562987113,SPY,"ARIMA(1,0,1)"
2007-03-01,0.0011929795891976783,SPY,"ARIMA(1,0,1)"
2007-03-02,0.00017853590604308985,SPY,"ARIMA(1,0,1)"
2007-03-05,0.00013282364002272656,SPY,"ARIMA(1,0,1)"
2007-03-06,-0.0001644949868916057,SPY,"ARIMA(1,0,1)"
2007-03-07,0.0011766741970511254,SPY,"ARIMA(1,0,1)"
2007-03-08,0.0001025610275712049,SPY,"ARIMA(1,0,1)"
2007-03-09,0.000903085444256027,SPY,"ARIMA(1,0,1)"
2007-03-12,0.0002781768793438281,SPY,"ARIMA(1,0,1)"
2007-03-13,0.0005973890075053432,SPY,"ARIMA(1,0,1)"
2007-03-14,-0.0003030218968756431,SPY,"ARIMA(1,0,1)"
2007-03-15,0.0005242060543290056,SPY,"ARIMA(1,0,1)"
2007-03-16,0.0003410489481793087,SPY,"ARIMA(1,0,1)"
2007-03-19,0.0002692796976261401,SPY,"ARIMA(1,0,1)"
2007-03-20,0.0004964402184208705,SPY,"ARIMA(1,0,1)"
2007-03-21,0.00042678638716838667,SPY,"ARIMA(1,0,1)"
2007-03-22,0.0009169567023940361,SPY,"ARIMA(1,0,1)"
2007-03-23,0.00032001525332498853,SPY,"ARIMA(1,0,1)"
2007-03-26,0.0005201338052792102,SPY,"ARIMA(1,0,1)"
2007-03-27,0.0003906415725755004,SPY,"ARIMA(1,0,1)"
2007-03-28,0.00037258687350606474,SPY,"ARIMA(1,0,1)"
2007-03-29,0.00017719561939492532,SPY,"ARIMA(1,0,1)"
2007-03-30,0.0005311106655596727,SPY,"ARIMA(1,0,1)"
2007-04-02,0.0003869667228111986,SPY,"ARIMA(1,0,1)"
2007-04-03,0.0004649379562684081,SPY,"ARIMA(1,0,1)"
2007-04-04,0.0008025995522272507,SPY,"ARIMA(1,0,1)"
2007-04-05,0.00040258321763213234,SPY,"ARIMA(1,0,1)"
2007-04-09,0.0005708009377247197,SPY,"ARIMA(1,0,1)"
2007-04-10,0.00045466468225622436,SPY,"ARIMA(1,0,1)"
2007-04-11,0.0004966673825347284,SPY,"ARIMA(1,0,1)"
2007-04-12,0.00031231910098083917,SPY,"ARIMA(1,0,1)"
2007-04-13,0.0007005287497893408,SPY,"ARIMA(1,0,1)"
2007-04-16,0.0006329077747610744,SPY,"ARIMA(1,0,1)"
2007-04-17,0.0009194923399488389,SPY,"ARIMA(1,0,1)"
2007-04-18,0.0005639334186644135,SPY,"ARIMA(1,0,1)"
2007-04-19,0.0006467493719844788,SPY,"ARIMA(1,0,1)"
2007-04-20,0.0004953141496592909,SPY,"ARIMA(1,0,1)"
2007-04-23,0.0009549849267088207,SPY,"ARIMA(1,0,1)"
2007-04-24,0.0002853541008404183,SPY,"ARIMA(1,0,1)"
2007-04-25,0.0006342936097616593,SPY,"ARIMA(1,0,1)"
2007-04-26,0.0008761893955510894,SPY,"ARIMA(1,0,1)"
2007-04-27,0.0005348921000045642,SPY,"ARIMA(1,0,1)"
2007-04-30,0.0005911679985756873,SPY,"ARIMA(1,0,1)"
2007-05-01,0.00018230784033031297,SPY,"ARIMA(1,0,1)"
2007-05-02,0.000797701115946938,SPY,"ARIMA(1,0,1)"
2007-05-03,0.000768295499199197,SPY,"ARIMA(1,0,1)"
2007-05-04,0.0007797725118327076,SPY,"ARIMA(1,0,1)"
2007-05-07,0.0007311176280777171,SPY,"ARIMA(1,0,1)"
2007-05-08,0.0005658200426356743,SPY,"ARIMA(1,0,1)"
2007-05-09,0.000503277574589952,SPY,"ARIMA(1,0,1)"
2007-05-10,0.0007302892809685955,SPY,"ARIMA(1,0,1)"
2007-05-11,0.00015784994037638966,SPY,"ARIMA(1,0,1)"
2007-05-14,0.000806849273466575,SPY,"ARIMA(1,0,1)"
2007-05-15,0.0005393487295715766,SPY,"ARIMA(1,0,1)"
2007-05-16,0.0006713362613337032,SPY,"ARIMA(1,0,1)"
2007-05-17,0.0006954639534003768,SPY,"ARIMA(1,0,1)"
2007-05-18,0.0006915604816433444,SPY,"ARIMA(1,0,1)"
2007-05-21,0.0008045256765466737,SPY,"ARIMA(1,0,1)"
2007-05-22,0.000820979190897881,SPY,"ARIMA(1,0,1)"
2007-05-23,0.0007956319274811764,SPY,"ARIMA(1,0,1)"
2007-05-24,0.0008302770688351714,SPY,"ARIMA(1,0,1)"
2007-05-25,0.0009443973866056118,SPY,"ARIMA(1,0,1)"
2007-05-29,0.0007854650016776725,SPY,"ARIMA(1,0,1)"
2007-05-30,0.0008020353062661514,SPY,"ARIMA(1,0,1)"
2007-05-31,0.0008242262202347595,SPY,"ARIMA(1,0,1)"
2007-06-01,0.0008430352014259256,SPY,"ARIMA(1,0,1)"
2007-06-04,0.0008460292041095683,SPY,"ARIMA(1,0,1)"
2007-06-05,0.0007831541069936165,SPY,"ARIMA(1,0,1)"
2007-06-06,0.0007639420179691959,SPY,"ARIMA(1,0,1)"
2007-06-07,0.0007464799913335599,SPY,"ARIMA(1,0,1)"
2007-06-08,0.00023614427113986282,SPY,"ARIMA(1,0,1)"
2007-06-11,0.0007528305790949841,SPY,"ARIMA(1,0,1)"
2007-06-12,0.0007543001860105265,SPY,"ARIMA(1,0,1)"
2007-06-13,0.0009078645938314202,SPY,"ARIMA(1,0,1)"
2007-06-14,0.00035609158219151256,SPY,"ARIMA(1,0,1)"
2007-06-15,0.0008352830201729717,SPY,"ARIMA(1,0,1)"
2007-06-18,0.000851154195252323,SPY,"ARIMA(1,0,1)"
2007-06-19,0.0008746151164959661,SPY,"ARIMA(1,0,1)"
2007-06-20,0.0008609180497995186,SPY,"ARIMA(1,0,1)"
2007-06-21,0.001164487022114507,SPY,"ARIMA(1,0,1)"
2007-06-22,0.000851428313792484,SPY,"ARIMA(1,0,1)"
2007-06-25,0.0011561911916367878,SPY,"ARIMA(1,0,1)"
2007-06-26,0.0010034924694093728,SPY,"ARIMA(1,0,1)"
2007-06-27,0.0009109117057920258,SPY,"ARIMA(1,0,1)"
2007-06-28,0.0006653724886787933,SPY,"ARIMA(1,0,1)"
2007-06-29,0.001027792465675028,SPY,"ARIMA(1,0,1)"
2007-07-02,0.0012118102337862007,SPY,"ARIMA(1,0,1)"
2007-07-03,0.00047015522021662097,SPY,"ARIMA(1,0,1)"
2007-07-05,0.0005701112219841578,SPY,"ARIMA(1,0,1)"
2007-07-06,0.0007281715925813756,SPY,"ARIMA(1,0,1)"
2007-07-09,0.0006709789140699943,SPY,"ARIMA(1,0,1)"
2007-07-10,0.000754163896516383,SPY,"ARIMA(1,0,1)"
2007-07-11,0.001152116966271295,SPY,"ARIMA(1,0,1)"
2007-07-12,0.0007342912584694074,SPY,"ARIMA(1,0,1)"
2007-07-13,-3.7922989848801145e-06,SPY,"ARIMA(1,0,1)"
2007-07-16,0.0003492157698214784,SPY,"ARIMA(1,0,1)"
2007-07-17,0.0008047597488200246,SPY,"ARIMA(1,0,1)"
2007-07-18,0.0010037071044663782,SPY,"ARIMA(1,0,1)"
2007-07-19,0.0011099649909500808,SPY,"ARIMA(1,0,1)"
2007-07-20,0.0008486151023939852,SPY,"ARIMA(1,0,1)"
2007-07-23,0.0013435903812006596,SPY,"ARIMA(1,0,1)"
2007-07-24,0.0011062702458245668,SPY,"ARIMA(1,0,1)"
2007-07-25,0.002075396329257153,SPY,"ARIMA(1,0,1)"
2007-07-26,0.0014351828547243244,SPY,"ARIMA(1,0,1)"
2007-07-27,0.00210660485526434,SPY,"ARIMA(1,0,1)"
2007-07-30,0.0009056981756482883,SPY,"ARIMA(1,0,1)"
2007-07-31,0.00028057370388378665,SPY,"ARIMA(1,0,1)"
2007-08-01,0.0011328141369316299,SPY,"ARIMA(1,0,1)"
2007-08-02,0.00036675538887366463,SPY,"ARIMA(1,0,1)"
2007-08-03,0.00031493347453521916,SPY,"ARIMA(1,0,1)"
2007-08-06,0.002268818021611649,SPY,"ARIMA(1,0,1)"
2007-08-07,-0.0009236849005614821,SPY,"ARIMA(1,0,1)"
2007-08-08,-0.00026819782988233686,SPY,"ARIMA(1,0,1)"
2007-08-09,-0.0002982455217416485,SPY,"ARIMA(1,0,1)"
2007-08-10,0.0033032675848453123,SPY,"ARIMA(1,0,1)"
2007-08-13,0.0019137351559101244,SPY,"ARIMA(1,0,1)"
2007-08-14,0.0009045923779239715,SPY,"ARIMA(1,0,1)"
2007-08-15,0.002094485378744417,SPY,"ARIMA(1,0,1)"
2007-08-16,0.001930521874932408,SPY,"ARIMA(1,0,1)"
2007-08-17,0.00030969105639527735,SPY,"ARIMA(1,0,1)"
2007-08-20,-0.0008631586110392458,SPY,"ARIMA(1,0,1)"
2007-08-21,3.438268042744335e-05,SPY,"ARIMA(1,0,1)"
2007-08-22,0.00018251792092563104,SPY,"ARIMA(1,0,1)"
2007-08-23,-0.0003838317654953075,SPY,"ARIMA(1,0,1)"
2007-08-24,0.0003866363512647799,SPY,"ARIMA(1,0,1)"
2007-08-27,-0.0003515710579098183,SPY,"ARIMA(1,0,1)"
2007-08-28,0.0010829340184350402,SPY,"ARIMA(1,0,1)"
2007-08-29,0.002201551878385746,SPY,"ARIMA(1,0,1)"
2007-08-30,-0.0006207564728255991,SPY,"ARIMA(1,0,1)"
2007-08-31,0.000489023523253373,SPY,"ARIMA(1,0,1)"
2007-09-04,-0.00042057094277490436,SPY,"ARIMA(1,0,1)"
2007-09-05,-0.0005371566425661266,SPY,"ARIMA(1,0,1)"
2007-09-06,0.0011368684793609913,SPY,"ARIMA(1,0,1)"
2007-09-07,0.000526791377481925,SPY,"ARIMA(1,0,1)"
2007-09-10,0.0020529730112869007,SPY,"ARIMA(1,0,1)"
2007-09-11,0.0012066482257217476,SPY,"ARIMA(1,0,1)"
2007-09-12,-0.00038968372097708147,SPY,"ARIMA(1,0,1)"
2007-09-13,5.914412608837012e-05,SPY,"ARIMA(1,0,1)"
2007-09-14,-0.00028060812684869323,SPY,"ARIMA(1,0,1)"
2007-09-17,0.0003349893134459569,SPY,"ARIMA(1,0,1)"
2007-09-18,0.0010611780186256135,SPY,"ARIMA(1,0,1)"
2007-09-19,-0.0024090000909587645,SPY,"ARIMA(1,0,1)"
2007-09-20,-0.0005923633703703546,SPY,"ARIMA(1,0,1)"
2007-09-21,0.001019238332954221,SPY,"ARIMA(1,0,1)"
2007-09-24,0.0005238593459249082,SPY,"ARIMA(1,0,1)"
2007-09-25,0.0008580613128483062,SPY,"ARIMA(1,0,1)"
2007-09-26,0.0009625890705054304,SPY,"ARIMA(1,0,1)"
2007-09-27,0.00022041473035583424,SPY,"ARIMA(1,0,1)"
2007-09-28,-3.9282477775194375e-05,SPY,"ARIMA(1,0,1)"
2007-10-01,0.0008266354300321752,SPY,"ARIMA(1,0,1)"
2007-10-02,-0.00042318794053459866,SPY,"ARIMA(1,0,1)"
2007-10-03,0.0006012870086174565,SPY,"ARIMA(1,0,1)"
2007-10-04,0.0009200460869845193,SPY,"ARIMA(1,0,1)"
2007-10-05,0.0006059391898294942,SPY,"ARIMA(1,0,1)"
2007-10-08,-0.0005835407712598546,SPY,"ARIMA(1,0,1)"
2007-10-09,0.0009573132357959671,SPY,"ARIMA(1,0,1)"
2007-10-10,-0.0002567236555346316,SPY,"ARIMA(1,0,1)"
2007-10-11,0.0006752666870360835,SPY,"ARIMA(1,0,1)"
2007-10-12,0.0012588712520591868,SPY,"ARIMA(1,0,1)"
2007-10-15,0.0002406533771276921,SPY,"ARIMA(1,0,1)"
2007-10-16,0.0015597227943896215,SPY,"ARIMA(1,0,1)"
2007-10-17,0.001711944087311645,SPY,"ARIMA(1,0,1)"
2007-10-18,0.0005206242315614943,SPY,"ARIMA(1,0,1)"
2007-10-19,0.0010152573569353423,SPY,"ARIMA(1,0,1)"
2007-10-22,0.0033637429813020265,SPY,"ARIMA(1,0,1)"
2007-10-23,0.00030758764461799777,SPY,"ARIMA(1,0,1)"
2007-10-24,-0.0003619220473399879,SPY,"ARIMA(1,0,1)"
2007-10-25,0.0005596933320636444,SPY,"ARIMA(1,0,1)"
2007-10-26,0.00025866488714525513,SPY,"ARIMA(1,0,1)"
2007-10-29,-0.0007614261466219331,SPY,"ARIMA(1,0,1)"
2007-10-30,2.4317752014941304e-05,SPY,"ARIMA(1,0,1)"
2007-10-31,0.0012124562120119397,SPY,"ARIMA(1,0,1)"
2007-11-01,-0.00046788704961068215,SPY,"ARIMA(1,0,1)"
2007-11-02,0.003518773939997194,SPY,"ARIMA(1,0,1)"
2007-11-05,0.0008407810608997105,SPY,"ARIMA(1,0,1)"
2007-11-06,0.0015231525735675633,SPY,"ARIMA(1,0,1)"
2007-11-07,-0.0009009841448759651,SPY,"ARIMA(1,0,1)"
2007-11-08,0.004203128588702324,SPY,"ARIMA(1,0,1)"
2007-11-09,0.001804277865008787,SPY,"ARIMA(1,0,1)"
2007-11-12,0.002319822467055117,SPY,"ARIMA(1,0,1)"
2007-11-13,0.0016725725604707297,SPY,"ARIMA(1,0,1)"
2007-11-14,-0.0034061097520850262,SPY,"ARIMA(1,0,1)"
2007-11-15,-5.265743823280059e-05,SPY,"ARIMA(1,0,1)"
2007-11-16,0.0021598863916225063,SPY,"ARIMA(1,0,1)"
2007-11-19,0.0004931640946468753,SPY,"ARIMA(1,0,1)"
2007-11-20,0.00217480269654848,SPY,"ARIMA(1,0,1)"
2007-11-21,-0.00017600327475582995,SPY,"ARIMA(1,0,1)"
2007-11-23,0.003049348417056703,SPY,"ARIMA(1,0,1)"
2007-11-26,-0.0019171777188453979,SPY,"ARIMA(1,0,1)"
2007-11-27,0.003670993310371236,SPY,"ARIMA(1,0,1)"
2007-11-28,-0.0015997397067430258,SPY,"ARIMA(1,0,1)"
2007-11-29,-0.005285140897066379,SPY,"ARIMA(1,0,1)"
2007-11-30,-0.0006807504568435241,SPY,"ARIMA(1,0,1)"
2007-12-03,-0.0013587605121390832,SPY,"ARIMA(1,0,1)"
2007-12-04,0.00117136808246004,SPY,"ARIMA(1,0,1)"
2007-12-05,0.0018686003303103515,SPY,"ARIMA(1,0,1)"
2007-12-06,-0.0022252194394507,SPY,"ARIMA(1,0,1)"
2007-12-07,-0.0023029699535077543,SPY,"ARIMA(1,0,1)"
2007-12-10,-6.024923468814881e-05,SPY,"ARIMA(1,0,1)"
2007-12-11,-0.0008305403001803134,SPY,"ARIMA(1,0,1)"
2007-12-12,0.004660638546918874,SPY,"ARIMA(1,0,1)"
2007-12-13,-0.000575365893293504,SPY,"ARIMA(1,0,1)"
2007-12-14,0.0005283738104643419,SPY,"ARIMA(1,0,1)"
2007-12-17,0.0024717635227034847,SPY,"ARIMA(1,0,1)"
2007-12-18,0.0028208976335067477,SPY,"ARIMA(1,0,1)"
2007-12-19,-0.00027202144961062196,SPY,"ARIMA(1,0,1)"
2007-12-20,0.00011000826097955105,SPY,"ARIMA(1,0,1)"
2007-12-21,-0.0008413151525711914,SPY,"ARIMA(1,0,1)"
2007-12-24,-0.0021699443901928937,SPY,"ARIMA(1,0,1)"
2007-12-26,-0.0011495139096730687,SPY,"ARIMA(1,0,1)"
2007-12-27,-0.00015811380115472972,SPY,"ARIMA(1,0,1)"
2007-12-28,0.002161604590247096,SPY,"ARIMA(1,0,1)"
2007-12-31,0.0009145300710815691,SPY,"ARIMA(1,0,1)"
2008-01-02,0.0014283088918651023,SPY,"ARIMA(1,0,1)"
2008-01-03,0.0016435590083954976,SPY,"ARIMA(1,0,1)"
2008-01-04,0.000441330486280841,SPY,"ARIMA(1,0,1)"
2008-01-07,0.0036734432094895964,SPY,"ARIMA(1,0,1)"
2008-01-08,0.0004801044574033131,SPY,"ARIMA(1,0,1)"
2008-01-09,0.002260907240413369,SPY,"ARIMA(1,0,1)"
2008-01-10,-0.0014217896720402294,SPY,"ARIMA(1,0,1)"
2008-01-11,-0.0009066851345979407,SPY,"ARIMA(1,0,1)"
2008-01-14,0.0011323341832383464,SPY,"ARIMA(1,0,1)"
2008-01-15,-0.0011099455925216671,SPY,"ARIMA(1,0,1)"
2008-01-16,0.003286772689821667,SPY,"ARIMA(1,0,1)"
2008-01-17,0.0012005488255837666,SPY,"ARIMA(1,0,1)"
2008-01-18,0.0031444844381812997,SPY,"ARIMA(1,0,1)"
2008-01-22,0.0006485111154772563,SPY,"ARIMA(1,0,1)"
2008-01-23,0.0007303163771223717,SPY,"ARIMA(1,0,1)"
2008-01-24,-0.003224845780379874,SPY,"ARIMA(1,0,1)"
2008-01-25,-0.0007223312248165926,SPY,"ARIMA(1,0,1)"
2008-01-28,0.0015181060050995024,SPY,"ARIMA(1,0,1)"
2008-01-29,-0.0023181822276199106,SPY,"ARIMA(1,0,1)"
2008-01-30,-0.0006286369028744407,SPY,"ARIMA(1,0,1)"
2008-01-31,0.00075586471907495,SPY,"ARIMA(1,0,1)"
2008-02-01,-0.002481757148521719,SPY,"ARIMA(1,0,1)"
2008-02-04,-0.0019076309471150366,SPY,"ARIMA(1,0,1)"
2008-02-05,0.0014113573398876677,SPY,"ARIMA(1,0,1)"
2008-02-06,0.00288046925521096,SPY,"ARIMA(1,0,1)"
2008-02-07,0.000671336354695107,SPY,"ARIMA(1,0,1)"
2008-02-08,-0.0008733082143908713,SPY,"ARIMA(1,0,1)"
2008-02-11,0.0003429463707391501,SPY,"ARIMA(1,0,1)"
2008-02-12,-0.0007640621480875873,SPY,"ARIMA(1,0,1)"
2008-02-13,-0.0012168520896515063,SPY,"ARIMA(1,0,1)"
2008-02-14,-0.001289941283574434,SPY,"ARIMA(1,0,1)"
2008-02-15,0.0006040196059808989,SPY,"ARIMA(1,0,1)"
2008-02-19,-0.0001729585994776229,SPY,"ARIMA(1,0,1)"
2008-02-20,-0.0005358661876990614,SPY,"ARIMA(1,0,1)"
2008-02-21,-0.0005745665662095034,SPY,"ARIMA(1,0,1)"
2008-02-22,0.0005877719790004962,SPY,"ARIMA(1,0,1)"
2008-02-25,-0.0008112396599323465,SPY,"ARIMA(1,0,1)"
2008-02-26,-0.00146088266581036,SPY,"ARIMA(1,0,1)"
2008-02-27,-0.0009997900261756556,SPY,"ARIMA(1,0,1)"
2008-02-28,2.409833495165755e-05,SPY,"ARIMA(1,0,1)"
2008-02-29,0.0009223840549764979,SPY,"ARIMA(1,0,1)"
2008-03-03,0.001879431520608168,SPY,"ARIMA(1,0,1)"
2008-03-04,0.00030604363465622074,SPY,"ARIMA(1,0,1)"
2008-03-05,0.0003035464246144765,SPY,"ARIMA(1,0,1)"
2008-03-06,-0.0005921431877186817,SPY,"ARIMA(1,0,1)"
2008-03-07,0.001591779608290589,SPY,"ARIMA(1,0,1)"
2008-03-10,0.0006964927574005474,SPY,"ARIMA(1,0,1)"
2008-03-11,0.0006071309396775943,SPY,"ARIMA(1,0,1)"
2008-03-12,-0.002996366615907367,SPY,"ARIMA(1,0,1)"
2008-03-13,0.0003300759966344758,SPY,"ARIMA(1,0,1)"
2008-03-14,-0.00031520300569436437,SPY,"ARIMA(1,0,1)"
2008-03-17,0.001243296387029332,SPY,"ARIMA(1,0,1)"
2008-03-18,0.0009137713837968662,SPY,"ARIMA(1,0,1)"
2008-03-19,-0.004081187452910847,SPY,"ARIMA(1,0,1)"
2008-03-20,0.0018923437625350515,SPY,"ARIMA(1,0,1)"
2008-03-24,-0.002686289479599759,SPY,"ARIMA(1,0,1)"
2008-03-25,-0.0032200700390523306,SPY,"ARIMA(1,0,1)"
2008-03-26,-0.0008153515287151641,SPY,"ARIMA(1,0,1)"
2008-03-27,0.0012272981860720167,SPY,"ARIMA(1,0,1)"
2008-03-28,0.0004921885006544182,SPY,"ARIMA(1,0,1)"
2008-03-31,0.001139493864124147,SPY,"ARIMA(1,0,1)"
2008-04-01,-0.0004235770235774054,SPY,"ARIMA(1,0,1)"
2008-04-02,-0.00462541124126899,SPY,"ARIMA(1,0,1)"
2008-04-03,-0.0014505941004724885,SPY,"ARIMA(1,0,1)"
2008-04-04,-0.0007725811150661215,SPY,"ARIMA(1,0,1)"
2008-04-07,-0.00018024802216435015,SPY,"ARIMA(1,0,1)"
2008-04-08,-0.00022792705641531323,SPY,"ARIMA(1,0,1)"
2008-04-09,-5.834918217383005e-05,SPY,"ARIMA(1,0,1)"
2008-04-10,0.0007327845965278498,SPY,"ARIMA(1,0,1)"
2008-04-11,-0.00010251454779372645,SPY,"ARIMA(1,0,1)"
2008-04-14,0.0022385975215897243,SPY,"ARIMA(1,0,1)"
2008-04-15,0.000713979870607743,SPY,"ARIMA(1,0,1)"
2008-04-16,-0.0003839360563197564,SPY,"ARIMA(1,0,1)"
2008-04-17,-0.003564115167079667,SPY,"ARIMA(1,0,1)"
2008-04-18,-0.0014380151381786044,SPY,"ARIMA(1,0,1)"
2008-04-21,-0.001662712466610249,SPY,"ARIMA(1,0,1)"
2008-04-22,-0.0006412612391553617,SPY,"ARIMA(1,0,1)"
2008-04-23,0.0001748191579726605,SPY,"ARIMA(1,0,1)"
2008-04-24,3.905294831599079e-05,SPY,"ARIMA(1,0,1)"
2008-04-25,-0.0007163573484086114,SPY,"ARIMA(1,0,1)"
2008-04-28,-0.001422526579479979,SPY,"ARIMA(1,0,1)"
2008-04-29,-0.0005364422420809369,SPY,"ARIMA(1,0,1)"
2008-04-30,0.00017264283335390466,SPY,"ARIMA(1,0,1)"
2008-05-01,0.0005469126939136073,SPY,"ARIMA(1,0,1)"
2008-05-02,-0.0024612765234258037,SPY,"ARIMA(1,0,1)"
2008-05-05,-0.0011571566946918502,SPY,"ARIMA(1,0,1)"
2008-05-06,4.011099890700737e-05,SPY,"ARIMA(1,0,1)"
2008-05-07,-0.0011425877175053397,SPY,"ARIMA(1,0,1)"
2008-05-08,0.0016522636304185997,SPY,"ARIMA(1,0,1)"
2008-05-09,0.0005507311830024615,SPY,"ARIMA(1,0,1)"
2008-05-12,0.00019413749481103857,SPY,"ARIMA(1,0,1)"
2008-05-13,-0.001441727324889163,SPY,"ARIMA(1,0,1)"
2008-05-14,-0.00060863997765969,SPY,"ARIMA(1,0,1)"
2008-05-15,-0.0005921356008728199,SPY,"ARIMA(1,0,1)"
2008-05-16,-0.0017738587294959343,SPY,"ARIMA(1,0,1)"
2008-05-19,-0.0007622861114662629,SPY,"ARIMA(1,0,1)"
2008-05-20,-0.0006919512662795662,SPY,"ARIMA(1,0,1)"
2008-05-21,0.0005620757316009038,SPY,"ARIMA(1,0,1)"
2008-05-22,0.0018441261317462744,SPY,"ARIMA(1,0,1)"
2008-05-23,0.0003260419874687323,SPY,"ARIMA(1,0,1)"
2008-05-27,0.0013068093969557679,SPY,"ARIMA(1,0,1)"
2008-05-28,-0.0007584198418986597,SPY,"ARIMA(1,0,1)"
2008-05-29,-0.0009564831652215226,SPY,"ARIMA(1,0,1)"
2008-05-30,-0.0010799523334827387,SPY,"ARIMA(1,0,1)"
2008-06-02,-0.0007984334322259543,SPY,"ARIMA(1,0,1)"
2008-06-03,0.0006986625575321657,SPY,"ARIMA(1,0,1)"
2008-06-04,0.0005771460488084789,SPY,"ARIMA(1,0,1)"
2008-06-05,-0.00010191966091069432,SPY,"ARIMA(1,0,1)"
2008-06-06,-0.0024224035138809244,SPY,"ARIMA(1,0,1)"
2008-06-09,0.0033772852147116684,SPY,"ARIMA(1,0,1)"
2008-06-10,0.00018544692485870928,SPY,"ARIMA(1,0,1)"
2008-06-11,0.0003562732254855476,SPY,"ARIMA(1,0,1)"
2008-06-12,0.001621424931872321,SPY,"ARIMA(1,0,1)"
2008-06-13,-0.0005254282478865599,SPY,"ARIMA(1,0,1)"
2008-06-16,-0.0020486795135965254,SPY,"ARIMA(1,0,1)"
2008-06-17,-0.0009620928587231385,SPY,"ARIMA(1,0,1)"
2008-06-18,-2.535179799319318e-05,SPY,"ARIMA(1,0,1)"
2008-06-19,0.0007916545933155337,SPY,"ARIMA(1,0,1)"
2008-06-20,-0.00021362042520416209,SPY,"ARIMA(1,0,1)"
2008-06-23,0.0016311037614001116,SPY,"ARIMA(1,0,1)"
2008-06-24,0.00013148141560787794,SPY,"ARIMA(1,0,1)"
2008-06-25,-0.0001048495542202802,SPY,"ARIMA(1,0,1)"
2008-06-26,-0.0009211874207965395,SPY,"ARIMA(1,0,1)"
2008-06-27,0.0027802098036231347,SPY,"ARIMA(1,0,1)"
2008-06-30,0.0009090745566910253,SPY,"ARIMA(1,0,1)"
2008-07-01,-0.0006131469285003293,SPY,"ARIMA(1,0,1)"
2008-07-02,-0.0010438785567299111,SPY,"ARIMA(1,0,1)"
2008-07-03,0.0012373155943747349,SPY,"ARIMA(1,0,1)"
2008-07-07,-0.0002890467121152152,SPY,"ARIMA(1,0,1)"
2008-07-08,0.0005794213440053015,SPY,"ARIMA(1,0,1)"
2008-07-09,-0.0026854365928543353,SPY,"ARIMA(1,0,1)"
2008-07-10,0.001470362953444035,SPY,"ARIMA(1,0,1)"
2008-07-11,-0.0009565261377666549,SPY,"ARIMA(1,0,1)"
2008-07-14,0.0006774721363480212,SPY,"ARIMA(1,0,1)"
2008-07-15,0.0005053343770736687,SPY,"ARIMA(1,0,1)"
2008-07-16,0.0010189315348123162,SPY,"ARIMA(1,0,1)"
2008-07-17,-0.003990487933297613,SPY,"ARIMA(1,0,1)"
2008-07-18,-0.002814866910836421,SPY,"ARIMA(1,0,1)"
2008-07-21,-0.00202460796384199,SPY,"ARIMA(1,0,1)"
2008-07-22,-0.0011243439819642524,SPY,"ARIMA(1,0,1)"
2008-07-23,-0.0023055851436257577,SPY,"ARIMA(1,0,1)"
2008-07-24,-0.0019316664218063094,SPY,"ARIMA(1,0,1)"
2008-07-25,0.0019273859162674744,SPY,"ARIMA(1,0,1)"
2008-07-28,0.0001384489615436765,SPY,"ARIMA(1,0,1)"
2008-07-29,0.0015135391493896508,SPY,"ARIMA(1,0,1)"
2008-07-30,-0.0029854651531612863,SPY,"ARIMA(1,0,1)"
2008-07-31,-0.003234213759146411,SPY,"ARIMA(1,0,1)"
2008-08-01,-7.280169323145385e-05,SPY,"ARIMA(1,0,1)"
2008-08-04,0.00017164454898108833,SPY,"ARIMA(1,0,1)"
2008-08-05,0.0008924446074340352,SPY,"ARIMA(1,0,1)"
2008-08-06,-0.0032377586853441108,SPY,"ARIMA(1,0,1)"
2008-08-07,-0.0020237210689997075,SPY,"ARIMA(1,0,1)"
2008-08-08,0.0005593015773983024,SPY,"ARIMA(1,0,1)"
2008-08-11,-0.0023048940426352075,SPY,"ARIMA(1,0,1)"
2008-08-12,-0.0025187232586257433,SPY,"ARIMA(1,0,1)"
2008-08-13,-0.0009547844445783888,SPY,"ARIMA(1,0,1)"
2008-08-14,0.0006464527094050183,SPY,"ARIMA(1,0,1)"
2008-08-15,-0.0009273640315258083,SPY,"ARIMA(1,0,1)"
2008-08-18,-0.001214835378730291,SPY,"ARIMA(1,0,1)"
2008-08-19,0.000951036704833638,SPY,"ARIMA(1,0,1)"
2008-08-20,0.0015151374449814702,SPY,"ARIMA(1,0,1)"
2008-08-21,-9.00721266866099e-05,SPY,"ARIMA(1,0,1)"
2008-08-22,-0.0005755275423517108,SPY,"ARIMA(1,0,1)"
2008-08-25,-0.002448150244729776,SPY,"ARIMA(1,0,1)"
2008-08-26,0.0008828813970575046,SPY,"ARIMA(1,0,1)"
2008-08-27,-0.0001282304894057025,SPY,"ARIMA(1,0,1)"
2008-08-28,-0.0014942518450222454,SPY,"ARIMA(1,0,1)"
2008-08-29,-0.0026039347119873263,SPY,"ARIMA(1,0,1)"
2008-09-02,-0.0002616781924143154,SPY,"ARIMA(1,0,1)"
2008-09-03,0.00027099735915150577,SPY,"ARIMA(1,0,1)"
2008-09-04,-5.3766897161738035e-05,SPY,"ARIMA(1,0,1)"
2008-09-05,0.0037842468219543516,SPY,"ARIMA(1,0,1)"
2008-09-08,0.0016670436973773134,SPY,"ARIMA(1,0,1)"
2008-09-09,-0.0018157330764772806,SPY,"ARIMA(1,0,1)"
2008-09-10,0.002566529761426,SPY,"ARIMA(1,0,1)"
2008-09-11,0.00039310275217520406,SPY,"ARIMA(1,0,1)"
2008-09-12,-0.0021142091318716856,SPY,"ARIMA(1,0,1)"
2008-09-15,-0.0021287129324910436,SPY,"ARIMA(1,0,1)"
2008-09-16,0.005588309231732276,SPY,"ARIMA(1,0,1)"
2008-09-17,0.000586288785494901,SPY,"ARIMA(1,0,1)"
2008-09-18,0.006949808381038909,SPY,"ARIMA(1,0,1)"
2008-09-19,-0.004976560994611028,SPY,"ARIMA(1,0,1)"
2008-09-22,-0.00824771573436922,SPY,"ARIMA(1,0,1)"
2008-09-23,-0.0009140641705714272,SPY,"ARIMA(1,0,1)"
2008-09-24,0.0029099769172500553,SPY,"ARIMA(1,0,1)"
2008-09-25,0.000859661215549797,SPY,"ARIMA(1,0,1)"
2008-09-26,-0.002512244597633507,SPY,"ARIMA(1,0,1)"
2008-09-29,-0.0022980806884026826,SPY,"ARIMA(1,0,1)"
2008-09-30,0.014522903041024956,SPY,"ARIMA(1,0,1)"
2008-10-01,0.0014832132905047226,SPY,"ARIMA(1,0,1)"
2008-10-02,0.0002547546916635442,SPY,"ARIMA(1,0,1)"
2008-10-03,0.0074412372556951845,SPY,"ARIMA(1,0,1)"
2008-10-06,0.006623352884262793,SPY,"ARIMA(1,0,1)"
2008-10-07,0.012620640322308583,SPY,"ARIMA(1,0,1)"
2008-10-08,0.00999949116104237,SPY,"ARIMA(1,0,1)"
2008-10-09,0.004100281024547345,SPY,"ARIMA(1,0,1)"
2008-10-10,0.0034889231208787737,SPY,"ARIMA(1,0,1)"
2008-10-13,-0.00073588956203815,SPY,"ARIMA(1,0,1)"
2008-10-14,-0.009295024477843822,SPY,"ARIMA(1,0,1)"
2008-10-15,-0.005841396464763183,SPY,"ARIMA(1,0,1)"
2008-10-16,0.010905597180406915,SPY,"ARIMA(1,0,1)"
2008-10-17,-0.001876633684945916,SPY,"ARIMA(1,0,1)"
2008-10-20,-0.0011491794769502965,SPY,"ARIMA(1,0,1)"
2008-10-21,-0.01207671671511758,SPY,"ARIMA(1,0,1)"
2008-10-22,-0.0020513828565068117,SPY,"ARIMA(1,0,1)"
2008-10-23,0.008166207159970722,SPY,"ARIMA(1,0,1)"
2008-10-24,0.0010716514995184872,SPY,"ARIMA(1,0,1)"
2008-10-27,0.008859301982308576,SPY,"ARIMA(1,0,1)"
2008-10-28,0.008507351681675405,SPY,"ARIMA(1,0,1)"
2008-10-29,-0.018157425312496003,SPY,"ARIMA(1,0,1)"
2008-10-30,-0.009723378260223786,SPY,"ARIMA(1,0,1)"
2008-10-31,-0.013190853945670622,SPY,"ARIMA(1,0,1)"
2008-11-03,-0.009518179719173955,SPY,"ARIMA(1,0,1)"
2008-11-04,-0.00695654455361665,SPY,"ARIMA(1,0,1)"
2008-11-05,-0.010488465389174657,SPY,"ARIMA(1,0,1)"
2008-11-06,0.0006313025537959839,SPY,"ARIMA(1,0,1)"
2008-11-07,0.008971566876457726,SPY,"ARIMA(1,0,1)"
2008-11-10,-0.0011665754818165769,SPY,"ARIMA(1,0,1)"
2008-11-11,0.0008254659017756952,SPY,"ARIMA(1,0,1)"
2008-11-12,0.0053108179303064185,SPY,"ARIMA(1,0,1)"
2008-11-13,0.009401209906158774,SPY,"ARIMA(1,0,1)"
2008-11-14,-0.0062865743537679295,SPY,"ARIMA(1,0,1)"
2008-11-17,0.005193090766497359,SPY,"ARIMA(1,0,1)"
2008-11-18,0.0041997939937268025,SPY,"ARIMA(1,0,1)"
2008-11-19,-0.002648699631757384,SPY,"ARIMA(1,0,1)"
2008-11-20,0.010831607391583498,SPY,"ARIMA(1,0,1)"
2008-11-21,0.01619250755431166,SPY,"ARIMA(1,0,1)"
2008-11-24,-0.0015077799354543194,SPY,"ARIMA(1,0,1)"
2008-11-25,-0.01310204843544156,SPY,"ARIMA(1,0,1)"
2008-11-26,-0.010428733007465803,SPY,"ARIMA(1,0,1)"
2008-11-28,-0.014013499859236583,SPY,"ARIMA(1,0,1)"
2008-12-01,-0.012027721671938532,SPY,"ARIMA(1,0,1)"
2008-12-02,0.006374012635799266,SPY,"ARIMA(1,0,1)"
2008-12-03,-0.003466486212701674,SPY,"ARIMA(1,0,1)"
2008-12-04,-0.007954060675130083,SPY,"ARIMA(1,0,1)"
2008-12-05,-0.001957763500884804,SPY,"ARIMA(1,0,1)"
2008-12-08,-0.00844293263905863,SPY,"ARIMA(1,0,1)"
2008-12-09,-0.01304085629620774,SPY,"ARIMA(1,0,1)"
2008-12-10,-0.00644509960665504,SPY,"ARIMA(1,0,1)"
2008-12-11,-0.006379312501921128,SPY,"ARIMA(1,0,1)"
2008-12-12,-0.0007057499742622419,SPY,"ARIMA(1,0,1)"
2008-12-15,-0.0037413213549320526,SPY,"ARIMA(1,0,1)"
2008-12-16,-0.0007566118421636022,SPY,"ARIMA(1,0,1)"
2008-12-17,-0.010409496609073034,SPY,"ARIMA(1,0,1)"
2008-12-18,-0.005807759765937462,SPY,"ARIMA(1,0,1)"
2008-12-19,-0.0011015819050201874,SPY,"ARIMA(1,0,1)"
2008-12-22,-0.0009511302841609841,SPY,"ARIMA(1,0,1)"
2008-12-23,0.0007982138979053489,SPY,"ARIMA(1,0,1)"
2008-12-24,0.0013894919129184215,SPY,"ARIMA(1,0,1)"
2008-12-26,-0.001399614037469619,SPY,"ARIMA(1,0,1)"
2008-12-29,-0.0031150086183328093,SPY,"ARIMA(1,0,1)"
2008-12-30,-0.0025242471635414133,SPY,"ARIMA(1,0,1)"
2008-12-31,-0.007320593105023998,SPY,"ARIMA(1,0,1)"
2009-01-02,-0.00845606918805408,SPY,"ARIMA(1,0,1)"
2009-01-05,-0.011937161220863387,SPY,"ARIMA(1,0,1)"
2009-01-06,-0.008244264371846607,SPY,"ARIMA(1,0,1)"
2009-01-07,-0.007295987394846128,SPY,"ARIMA(1,0,1)"
2009-01-08,-4.3906555479832294e-05,SPY,"ARIMA(1,0,1)"
2009-01-09,-0.001643974681939116,SPY,"ARIMA(1,0,1)"
2009-01-12,0.002043342194047136,SPY,"ARIMA(1,0,1)"
2009-01-13,0.004879124541822534,SPY,"ARIMA(1,0,1)"
2009-01-14,0.0019595675990683684,SPY,"ARIMA(1,0,1)"
2009-01-15,0.00627069415241944,SPY,"ARIMA(1,0,1)"
2009-01-16,0.0031295431171299818,SPY,"ARIMA(1,0,1)"
2009-01-20,-0.00028883616019907796,SPY,"ARIMA(1,0,1)"
2009-01-21,0.008723852191397825,SPY,"ARIMA(1,0,1)"
2009-01-22,-0.0034475594520622177,SPY,"ARIMA(1,0,1)"
2009-01-23,-0.00023958624552173464,SPY,"ARIMA(1,0,1)"
2009-01-26,-0.0020658520973823643,SPY,"ARIMA(1,0,1)"
2009-01-27,-0.0036295386945444396,SPY,"ARIMA(1,0,1)"
2009-01-28,-0.00534791402680726,SPY,"ARIMA(1,0,1)"
2009-01-29,-0.01076105688950649,SPY,"ARIMA(1,0,1)"
2009-01-30,-0.0014401793100080609,SPY,"ARIMA(1,0,1)"
2009-02-02,0.0020062695805799355,SPY,"ARIMA(1,0,1)"
2009-02-03,0.0007248126965845086,SPY,"ARIMA(1,0,1)"
2009-02-04,-0.0032882144865846816,SPY,"ARIMA(1,0,1)"
2009-02-05,-0.0020687808201418504,SPY,"ARIMA(1,0,1)"
2009-02-06,-0.0052224850313652635,SPY,"ARIMA(1,0,1)"
2009-02-09,-0.009742739601815542,SPY,"ARIMA(1,0,1)"
2009-02-10,-0.0073024194954444165,SPY,"ARIMA(1,0,1)"
2009-02-11,0.0034240878818661107,SPY,"ARIMA(1,0,1)"
2009-02-12,5.931643297811973e-06,SPY,"ARIMA(1,0,1)"
2009-02-13,-0.0011969074718188855,SPY,"ARIMA(1,0,1)"
2009-02-17,0.000371940799176562,SPY,"ARIMA(1,0,1)"
2009-02-18,0.00771341620596834,SPY,"ARIMA(1,0,1)"
2009-02-19,0.004269742181319473,SPY,"ARIMA(1,0,1)"
2009-02-20,0.003618819137545365,SPY,"ARIMA(1,0,1)"
2009-02-23,0.0029625790342152304,SPY,"ARIMA(1,0,1)"
2009-02-24,0.007255835386095104,SPY,"ARIMA(1,0,1)"
2009-02-25,-0.0038150196197114135,SPY,"ARIMA(1,0,1)"
2009-02-26,-0.0021696230977137497,SPY,"ARIMA(1,0,1)"
2009-02-27,0.0005652527763829775,SPY,"ARIMA(1,0,1)"
2009-03-02,0.003483080230382565,SPY,"ARIMA(1,0,1)"
2009-03-03,0.009470894097276982,SPY,"ARIMA(1,0,1)"
2009-03-04,0.005559456070861255,SPY,"ARIMA(1,0,1)"
2009-03-05,-0.0022046021210254557,SPY,"ARIMA(1,0,1)"
2009-03-06,0.004905849106627188,SPY,"ARIMA(1,0,1)"
2009-03-09,0.0010649886763919375,SPY,"ARIMA(1,0,1)"
2009-03-10,0.0013206963864216426,SPY,"ARIMA(1,0,1)"
2009-03-11,-0.011606748247003182,SPY,"ARIMA(1,0,1)"
2009-03-12,-0.009449098679354033,SPY,"ARIMA(1,0,1)"
2009-03-13,-0.013736220537005807,SPY,"ARIMA(1,0,1)"
2009-03-16,-0.010802668405819945,SPY,"ARIMA(1,0,1)"
2009-03-17,-0.007087039617759445,SPY,"ARIMA(1,0,1)"
2009-03-18,-0.009986361227563561,SPY,"ARIMA(1,0,1)"
2009-03-19,-0.010417667194870164,SPY,"ARIMA(1,0,1)"
2009-03-20,-0.005092069269822868,SPY,"ARIMA(1,0,1)"
2009-03-23,-0.0009865909936070186,SPY,"ARIMA(1,0,1)"
2009-03-24,-0.013079003392356375,SPY,"ARIMA(1,0,1)"
2009-03-25,-0.004977912978766163,SPY,"ARIMA(1,0,1)"
2009-03-26,-0.005503058497608003,SPY,"ARIMA(1,0,1)"
2009-03-27,-0.007348560920812585,SPY,"ARIMA(1,0,1)"
2009-03-30,-0.0019263928283421254,SPY,"ARIMA(1,0,1)"
2009-03-31,0.003618395871940895,SPY,"ARIMA(1,0,1)"
2009-04-01,-0.0010122774442163267,SPY,"ARIMA(1,0,1)"
2009-04-02,-0.005147077676140657,SPY,"ARIMA(1,0,1)"
2009-04-03,-0.008868636652225568,SPY,"ARIMA(1,0,1)"
2009-04-06,-0.0075576082319569315,SPY,"ARIMA(1,0,1)"
2009-04-07,-0.003968876333013705,SPY,"ARIMA(1,0,1)"
2009-04-08,0.0005129660910285327,SPY,"ARIMA(1,0,1)"
2009-04-09,-0.0026455287221694252,SPY,"ARIMA(1,0,1)"
2009-04-13,-0.009064317707271338,SPY,"ARIMA(1,0,1)"
2009-04-14,-0.005904563224781783,SPY,"ARIMA(1,0,1)"
2009-04-15,-0.001433041152470234,SPY,"ARIMA(1,0,1)"
2009-04-16,-0.003642066045759322,SPY,"ARIMA(1,0,1)"
2009-04-17,-0.005602091710962347,SPY,"ARIMA(1,0,1)"
2009-04-20,-0.005236245664100468,SPY,"ARIMA(1,0,1)"
2009-04-21,0.0031875889789341593,SPY,"ARIMA(1,0,1)"
2009-04-22,-0.002738995558282337,SPY,"ARIMA(1,0,1)"
2009-04-23,-0.0015854584905028962,SPY,"ARIMA(1,0,1)"
2009-04-24,-0.0037193314059907395,SPY,"ARIMA(1,0,1)"
2009-04-27,-0.005767966014610999,SPY,"ARIMA(1,0,1)"
2009-04-28,-0.002675657204095098,SPY,"ARIMA(1,0,1)"
2009-04-29,-0.002080158069397746,SPY,"ARIMA(1,0,1)"
2009-04-30,-0.005906595160790737,SPY,"ARIMA(1,0,1)"
2009-05-01,-0.0043628236754709605,SPY,"ARIMA(1,0,1)"
2009-05-04,-0.0044657132995453595,SPY,"ARIMA(1,0,1)"
2009-05-05,-0.009169922315986038,SPY,"ARIMA(1,0,1)"
2009-05-06,-0.0053280586723705075,SPY,"ARIMA(1,0,1)"
2009-05-07,-0.006684955395277667,SPY,"ARIMA(1,0,1)"
2009-05-08,-0.0021541649218144356,SPY,"ARIMA(1,0,1)"
2009-05-11,-0.005972971701570278,SPY,"ARIMA(1,0,1)"
2009-05-12,-0.0009149649441445836,SPY,"ARIMA(1,0,1)"
2009-05-13,-0.0010678722753623363,SPY,"ARIMA(1,0,1)"
2009-05-14,0.0026704229608630697,SPY,"ARIMA(1,0,1)"
2009-05-15,-0.001194408664467914,SPY,"ARIMA(1,0,1)"
2009-05-18,-0.0004053456001044337,SPY,"ARIMA(1,0,1)"
2009-05-19,-0.006167187475990203,SPY,"ARIMA(1,0,1)"
2009-05-20,-0.004089690755232749,SPY,"ARIMA(1,0,1)"
2009-05-21,-0.0020430950466174495,SPY,"ARIMA(1,0,1)"
2009-05-22,0.0003858025197604068,SPY,"ARIMA(1,0,1)"
2009-05-26,-0.0005239107844736376,SPY,"ARIMA(1,0,1)"
2009-05-27,-0.005655325304988973,SPY,"ARIMA(1,0,1)"
2009-05-28,-0.0009048464746289949,SPY,"ARIMA(1,0,1)"
2009-05-29,-0.0039715187790056485,SPY,"ARIMA(1,0,1)"
2009-06-01,-0.006152023285349377,SPY,"ARIMA(1,0,1)"
2009-06-02,-0.008192478240019592,SPY,"ARIMA(1,0,1)"
2009-06-03,-0.005242495214054218,SPY,"ARIMA(1,0,1)"
2009-06-04,-0.0015036346427077369,SPY,"ARIMA(1,0,1)"
2009-06-05,-0.003280496477608341,SPY,"ARIMA(1,0,1)"
2009-06-08,-0.0026928948072772567,SPY,"ARIMA(1,0,1)"
2009-06-09,-0.0015267776507468943,SPY,"ARIMA(1,0,1)"
2009-06-10,-0.002530086043971228,SPY,"ARIMA(1,0,1)"
2009-06-11,-0.0017388344074302253,SPY,"ARIMA(1,0,1)"
2009-06-12,-0.0024571676472371325,SPY,"ARIMA(1,0,1)"
2009-06-15,-0.002582356049995543,SPY,"ARIMA(1,0,1)"
2009-06-16,0.0016423063446009537,SPY,"ARIMA(1,0,1)"
2009-06-17,0.0021615131595033314,SPY,"ARIMA(1,0,1)"
2009-06-18,0.0003472521287644706,SPY,"ARIMA(1,0,1)"
2009-06-19,-0.0019192768040223584,SPY,"ARIMA(1,0,1)"
2009-06-22,-0.0024975995547937358,SPY,"ARIMA(1,0,1)"
2009-06-23,0.002941169179389814,SPY,"ARIMA(1,0,1)"
2009-06-24,0.0004626024223746243,SPY,"ARIMA(1,0,1)"
2009-06-25,-0.0020951135013220646,SPY,"ARIMA(1,0,1)"
2009-06-26,-0.005536673240175763,SPY,"ARIMA(1,0,1)"
2009-06-29,-0.0032006112781139875,SPY,"ARIMA(1,0,1)"
2009-06-30,-0.003978067808162227,SPY,"ARIMA(1,0,1)"
2009-07-01,-0.0015131526105970172,SPY,"ARIMA(1,0,1)"
2009-07-02,-0.002250045811855221,SPY,"ARIMA(1,0,1)"
2009-07-06,0.002687503345562877,SPY,"ARIMA(1,0,1)"
2009-07-07,0.0006316024458483567,SPY,"ARIMA(1,0,1)"
2009-07-08,0.002765986547664339,SPY,"ARIMA(1,0,1)"
2009-07-09,0.0006633493846273575,SPY,"ARIMA(1,0,1)"
2009-07-10,-0.0007344069091064624,SPY,"ARIMA(1,0,1)"
2009-07-13,-0.0008227059347952546,SPY,"ARIMA(1,0,1)"
2009-07-14,-0.005110372172320894,SPY,"ARIMA(1,0,1)"
2009-07-15,-0.0043040174253372076,SPY,"ARIMA(1,0,1)"
2009-07-16,-0.0074356518719338556,SPY,"ARIMA(1,0,1)"
2009-07-17,-0.004415989596002477,SPY,"ARIMA(1,0,1)"
2009-07-20,-0.004716974719446968,SPY,"ARIMA(1,0,1)"
2009-07-21,-0.004776015563012468,SPY,"ARIMA(1,0,1)"
2009-07-22,-0.003828272649280952,SPY,"ARIMA(1,0,1)"
2009-07-23,-0.0026090461362165357,SPY,"ARIMA(1,0,1)"
2009-07-24,-0.005380264209780855,SPY,"ARIMA(1,0,1)"
2009-07-27,-0.003850331650258405,SPY,"ARIMA(1,0,1)"
2009-07-28,-0.002944595517140841,SPY,"ARIMA(1,0,1)"
2009-07-29,-0.0012758125934540232,SPY,"ARIMA(1,0,1)"
2009-07-30,-0.0009060989586473499,SPY,"ARIMA(1,0,1)"
2009-07-31,-0.0027249415163475414,SPY,"ARIMA(1,0,1)"
2009-08-03,-0.002131456539585216,SPY,"ARIMA(1,0,1)"
2009-08-04,-0.00412177205055357,SPY,"ARIMA(1,0,1)"
2009-08-05,-0.002925944567867514,SPY,"ARIMA(1,0,1)"
2009-08-06,-0.001637759608312056,SPY,"ARIMA(1,0,1)"
2009-08-07,-0.0006202887249260001,SPY,"ARIMA(1,0,1)"
2009-08-10,-0.002833470931400407,SPY,"ARIMA(1,0,1)"
2009-08-11,-0.0016980743234954838,SPY,"ARIMA(1,0,1)"
2009-08-12,0.00044237944642069394,SPY,"ARIMA(1,0,1)"
2009-08-13,-0.002000352085795755,SPY,"ARIMA(1,0,1)"
2009-08-14,-0.0027089827611941264,SPY,"ARIMA(1,0,1)"
2009-08-17,-0.0007461552849341421,SPY,"ARIMA(1,0,1)"
2009-08-18,0.0028032786202180447,SPY,"ARIMA(1,0,1)"
2009-08-19,-0.0004184735466635526,SPY,"ARIMA(1,0,1)"
2009-08-20,-0.0021107028580520295,SPY,"ARIMA(1,0,1)"
2009-08-21,-0.003188481991698227,SPY,"ARIMA(1,0,1)"
2009-08-24,-0.005053985781297839,SPY,"ARIMA(1,0,1)"
2009-08-25,-0.003029964724303791,SPY,"ARIMA(1,0,1)"
2009-08-26,-0.00222649275644237,SPY,"ARIMA(1,0,1)"
2009-08-27,-0.0016158409919371486,SPY,"ARIMA(1,0,1)"
2009-08-28,-0.0016567791112024805,SPY,"ARIMA(1,0,1)"
2009-08-31,-0.0013252977841659705,SPY,"ARIMA(1,0,1)"
2009-09-01,0.00019364869469847825,SPY,"ARIMA(1,0,1)"
2009-09-02,0.002906461995068073,SPY,"ARIMA(1,0,1)"
2009-09-03,0.001455636521815761,SPY,"ARIMA(1,0,1)"
2009-09-04,-0.0009380421783725862,SPY,"ARIMA(1,0,1)"
2009-09-08,-0.003004787039980289,SPY,"ARIMA(1,0,1)"
2009-09-09,-0.003240038918220677,SPY,"ARIMA(1,0,1)"
2009-09-10,-0.003057217915960746,SPY,"ARIMA(1,0,1)"
2009-09-11,-0.003369336968493243,SPY,"ARIMA(1,0,1)"
2009-09-14,-0.002046039832207645,SPY,"ARIMA(1,0,1)"
2009-09-15,-0.0020816193221333615,SPY,"ARIMA(1,0,1)"
2009-09-16,-0.0017963240231850407,SPY,"ARIMA(1,0,1)"
2009-09-17,-0.0032656886333342714,SPY,"ARIMA(1,0,1)"
2009-09-18,-0.0014884648330506299,SPY,"ARIMA(1,0,1)"
2009-09-21,-0.0011001156322604558,SPY,"ARIMA(1,0,1)"
2009-09-22,-0.0005662202565551241,SPY,"ARIMA(1,0,1)"
2009-09-23,-0.0012496412556760935,SPY,"ARIMA(1,0,1)"
2009-09-24,0.00032851274839860496,SPY,"ARIMA(1,0,1)"
2009-09-25,0.0013639202718701898,SPY,"ARIMA(1,0,1)"
2009-09-28,0.0010403251645080683,SPY,"ARIMA(1,0,1)"
2009-09-29,-0.0020694055640354107,SPY,"ARIMA(1,0,1)"
2009-09-30,-0.0004741799716850031,SPY,"ARIMA(1,0,1)"
2009-10-01,-3.067387920923487e-05,SPY,"ARIMA(1,0,1)"
2009-10-02,0.0027962620531028987,SPY,"ARIMA(1,0,1)"
2009-10-05,0.0025768281708344904,SPY,"ARIMA(1,0,1)"
2009-10-06,-4.501987565912438e-05,SPY,"ARIMA(1,0,1)"
2009-10-07,-0.0019492332408259903,SPY,"ARIMA(1,0,1)"
2009-10-08,-0.001582147853035303,SPY,"ARIMA(1,0,1)"
2009-10-09,-0.002147067499579809,SPY,"ARIMA(1,0,1)"
2009-10-12,-0.0017777790617315328,SPY,"ARIMA(1,0,1)"
2009-10-13,-0.001389409216396204,SPY,"ARIMA(1,0,1)"
2009-10-14,-0.00033493230606907213,SPY,"ARIMA(1,0,1)"
2009-10-15,-0.0021515670112610247,SPY,"ARIMA(1,0,1)"
2009-10-16,-0.0012890677717073587,SPY,"ARIMA(1,0,1)"
2009-10-19,0.0003332502551735428,SPY,"ARIMA(1,0,1)"
2009-10-20,-0.00041779076810076,SPY,"ARIMA(1,0,1)"
2009-10-21,5.315951808101179e-05,SPY,"ARIMA(1,0,1)"
2009-10-22,0.001916093555950923,SPY,"ARIMA(1,0,1)"
2009-10-23,0.0004288565977814793,SPY,"ARIMA(1,0,1)"
2009-10-26,0.0021260356757995627,SPY,"ARIMA(1,0,1)"
2009-10-27,0.00295725794670351,SPY,"ARIMA(1,0,1)"
2009-10-28,0.0022211343120613317,SPY,"ARIMA(1,0,1)"
2009-10-29,0.003359871613010485,SPY,"ARIMA(1,0,1)"
2009-10-30,-0.000294792157821322,SPY,"ARIMA(1,0,1)"
2009-11-02,0.003384120060618358,SPY,"ARIMA(1,0,1)"
2009-11-03,0.000877973487871689,SPY,"ARIMA(1,0,1)"
2009-11-04,4.229649953137551e-05,SPY,"ARIMA(1,0,1)"
2009-11-05,-2.0690481828108194e-06,SPY,"ARIMA(1,0,1)"
2009-11-06,-0.0018356096729772273,SPY,"ARIMA(1,0,1)"
2009-11-09,-0.0005496574587281734,SPY,"ARIMA(1,0,1)"
2009-11-10,-0.0019534341767336503,SPY,"ARIMA(1,0,1)"
2009-11-11,-0.0005797340171108723,SPY,"ARIMA(1,0,1)"
2009-11-12,0.00010346316242606688,SPY,"ARIMA(1,0,1)"
2009-11-13,0.000672993051985412,SPY,"ARIMA(1,0,1)"
2009-11-16,0.0002630835683945439,SPY,"ARIMA(1,0,1)"
2009-11-17,-0.0004411044024360813,SPY,"ARIMA(1,0,1)"
2009-11-18,0.0005852587483800846,SPY,"ARIMA(1,0,1)"
2009-11-19,0.001108412524717152,SPY,"ARIMA(1,0,1)"
2009-11-20,0.0031500590763830294,SPY,"ARIMA(1,0,1)"
2009-11-23,0.002061233837017117,SPY,"ARIMA(1,0,1)"
2009-11-24,9.364047394832945e-05,SPY,"ARIMA(1,0,1)"
2009-11-25,0.0007619376745288419,SPY,"ARIMA(1,0,1)"
2009-11-27,0.0007202032045926965,SPY,"ARIMA(1,0,1)"
2009-11-30,0.0032385418873721672,SPY,"ARIMA(1,0,1)"
2009-12-01,0.0001223763393704472,SPY,"ARIMA(1,0,1)"
2009-12-02,0.0004429127680717288,SPY,"ARIMA(1,0,1)"
2009-12-03,0.0015516873925039546,SPY,"ARIMA(1,0,1)"
2009-12-04,0.0017495974163087675,SPY,"ARIMA(1,0,1)"
2009-12-07,0.0004449376717364933,SPY,"ARIMA(1,0,1)"
2009-12-08,0.0015634173634710097,SPY,"ARIMA(1,0,1)"
2009-12-09,0.0017661901505265625,SPY,"ARIMA(1,0,1)"
2009-12-10,0.0003478152484064162,SPY,"ARIMA(1,0,1)"
2009-12-11,0.0006731883737986149,SPY,"ARIMA(1,0,1)"
2009-12-14,0.0008291537602713717,SPY,"ARIMA(1,0,1)"
2009-12-15,0.0005512438579275971,SPY,"ARIMA(1,0,1)"
2009-12-16,0.001626244710308266,SPY,"ARIMA(1,0,1)"
2009-12-17,0.0006072876620278402,SPY,"ARIMA(1,0,1)"
2009-12-18,0.0019759454898074717,SPY,"ARIMA(1,0,1)"
2009-12-21,0.000180782813865874,SPY,"ARIMA(1,0,1)"
2009-12-22,0.000503437160504043,SPY,"ARIMA(1,0,1)"
2009-12-23,0.0010355723137949083,SPY,"ARIMA(1,0,1)"
2009-12-24,0.0010697699322357226,SPY,"ARIMA(1,0,1)"
2009-12-28,0.000849373496287836,SPY,"ARIMA(1,0,1)"
2009-12-29,0.0011195941562351097,SPY,"ARIMA(1,0,1)"
2009-12-30,0.0013439221790302782,SPY,"ARIMA(1,0,1)"
2009-12-31,0.0011027612603955396,SPY,"ARIMA(1,0,1)"
2010-01-04,0.001869360942429686,SPY,"ARIMA(1,0,1)"
2010-01-05,-0.0007062169055156524,SPY,"ARIMA(1,0,1)"
2010-01-06,0.0009353217767457356,SPY,"ARIMA(1,0,1)"
2010-01-07,0.0008905786544567109,SPY,"ARIMA(1,0,1)"
2010-01-08,0.00068089634036659,SPY,"ARIMA(1,0,1)"
2010-01-11,0.0007788489588022582,SPY,"ARIMA(1,0,1)"
2010-01-12,0.00104093457650377,SPY,"ARIMA(1,0,1)"
2010-01-13,0.0022333703386306454,SPY,"ARIMA(1,0,1)"
2010-01-14,0.0005631637660604292,SPY,"ARIMA(1,0,1)"
2010-01-15,0.001097691740619418,SPY,"ARIMA(1,0,1)"
2010-01-19,0.0025291701262056534,SPY,"ARIMA(1,0,1)"
2010-01-20,0.0003681692361523468,SPY,"ARIMA(1,0,1)"
2010-01-21,0.0021712002673882937,SPY,"ARIMA(1,0,1)"
2010-01-22,0.0020296683674573667,SPY,"ARIMA(1,0,1)"
2010-01-25,0.0021460673781100027,SPY,"ARIMA(1,0,1)"
2010-01-26,0.001923860138774346,SPY,"ARIMA(1,0,1)"
2010-01-27,0.0018468337454649337,SPY,"ARIMA(1,0,1)"
2010-01-28,0.0013537687588822472,SPY,"ARIMA(1,0,1)"
2010-01-29,0.0014423087096464508,SPY,"ARIMA(1,0,1)"
2010-02-01,0.0017735077318367057,SPY,"ARIMA(1,0,1)"
2010-02-02,0.0006016329555718059,SPY,"ARIMA(1,0,1)"
2010-02-03,0.0005499652218837233,SPY,"ARIMA(1,0,1)"
2010-02-04,0.0011549708148930824,SPY,"ARIMA(1,0,1)"
2010-02-05,0.001890959211868683,SPY,"ARIMA(1,0,1)"
2010-02-08,0.001272438165808487,SPY,"ARIMA(1,0,1)"
2010-02-09,0.0014361223985677493,SPY,"ARIMA(1,0,1)"
2010-02-10,9.9019461334952e-05,SPY,"ARIMA(1,0,1)"
2010-02-11,0.0016112604890518687,SPY,"ARIMA(1,0,1)"
2010-02-12,0.00021450954210631892,SPY,"ARIMA(1,0,1)"
2010-02-16,0.0014975201169705628,SPY,"ARIMA(1,0,1)"
2010-02-17,0.00016430588129363551,SPY,"ARIMA(1,0,1)"
2010-02-18,0.0012299777529566154,SPY,"ARIMA(1,0,1)"
2010-02-19,0.0010704506632320324,SPY,"ARIMA(1,0,1)"
2010-02-22,0.001425443451722502,SPY,"ARIMA(1,0,1)"
2010-02-23,0.0016405989318145724,SPY,"ARIMA(1,0,1)"
2010-02-24,0.0023568255565251045,SPY,"ARIMA(1,0,1)"
2010-02-25,0.0007869268412647669,SPY,"ARIMA(1,0,1)"
2010-02-26,0.0016658972799925937,SPY,"ARIMA(1,0,1)"
2010-03-01,0.001741628848128608,SPY,"ARIMA(1,0,1)"
2010-03-02,0.0009565594015641063,SPY,"ARIMA(1,0,1)"
2010-03-03,0.0015240189797723247,SPY,"ARIMA(1,0,1)"
2010-03-04,0.0019693976085815995,SPY,"ARIMA(1,0,1)"
2010-03-05,0.0017848903191736549,SPY,"ARIMA(1,0,1)"
2010-03-08,0.0012231941622531054,SPY,"ARIMA(1,0,1)"
2010-03-09,0.001882228835626544,SPY,"ARIMA(1,0,1)"
2010-03-10,0.002072530725014695,SPY,"ARIMA(1,0,1)"
2010-03-11,0.0016400155720262535,SPY,"ARIMA(1,0,1)"
2010-03-12,0.0013354742436212305,SPY,"ARIMA(1,0,1)"
2010-03-15,0.0019168928487032482,SPY,"ARIMA(1,0,1)"
2010-03-16,0.0018886616808432676,SPY,"ARIMA(1,0,1)"
2010-03-17,0.001470928748732719,SPY,"ARIMA(1,0,1)"
2010-03-18,-0.00023330062258646424,SPY,"ARIMA(1,0,1)"
2010-03-19,0.0012293787477909467,SPY,"ARIMA(1,0,1)"
2010-03-22,0.0010171922763252917,SPY,"ARIMA(1,0,1)"
2010-03-23,0.0014605407529128317,SPY,"ARIMA(1,0,1)"
2010-03-24,0.0012894512765193897,SPY,"ARIMA(1,0,1)"
2010-03-25,0.0017460038236500012,SPY,"ARIMA(1,0,1)"
2010-03-26,0.0016129256858793343,SPY,"ARIMA(1,0,1)"
2010-03-29,0.001417943472685775,SPY,"ARIMA(1,0,1)"
2010-03-30,0.0012968784465052087,SPY,"ARIMA(1,0,1)"
2010-03-31,0.001661203258792604,SPY,"ARIMA(1,0,1)"
2010-04-01,0.0019267768559447743,SPY,"ARIMA(1,0,1)"
2010-04-05,0.001391986093093695,SPY,"ARIMA(1,0,1)"
2010-04-06,0.0009271610753550366,SPY,"ARIMA(1,0,1)"
2010-04-07,0.0013757883336281032,SPY,"ARIMA(1,0,1)"
2010-04-08,0.0019535539682615866,SPY,"ARIMA(1,0,1)"
2010-04-09,0.0023447592422112737,SPY,"ARIMA(1,0,1)"
2010-04-12,0.001153498664129186,SPY,"ARIMA(1,0,1)"
2010-04-13,0.001369268140239909,SPY,"ARIMA(1,0,1)"
2010-04-14,0.0014502688556627737,SPY,"ARIMA(1,0,1)"
2010-04-15,0.0006316812021826593,SPY,"ARIMA(1,0,1)"
2010-04-16,0.002074112395068938,SPY,"ARIMA(1,0,1)"
2010-04-19,0.002597033042722733,SPY,"ARIMA(1,0,1)"
2010-04-20,0.00032916619087264634,SPY,"ARIMA(1,0,1)"
2010-04-21,0.001199878428494192,SPY,"ARIMA(1,0,1)"
2010-04-22,0.0014625164994961479,SPY,"ARIMA(1,0,1)"
2010-04-23,0.0014379597108436545,SPY,"ARIMA(1,0,1)"
2010-04-26,0.0012571436221749904,SPY,"ARIMA(1,0,1)"
2010-04-27,0.0016182036823202506,SPY,"ARIMA(1,0,1)"
2010-04-28,0.0029208671197947992,SPY,"ARIMA(1,0,1)"
2010-04-29,0.0011667210417403366,SPY,"ARIMA(1,0,1)"
2010-04-30,0.0009482496944215589,SPY,"ARIMA(1,0,1)"
2010-05-03,0.0012921960012135067,SPY,"ARIMA(1,0,1)"
2010-05-04,0.0006952754633932419,SPY,"ARIMA(1,0,1)"
2010-05-05,0.004458155348180037,SPY,"ARIMA(1,0,1)"
2010-05-06,0.0014812839539027273,SPY,"ARIMA(1,0,1)"
2010-05-07,0.0008830236462303009,SPY,"ARIMA(1,0,1)"
2010-05-10,0.0008788996224576421,SPY,"ARIMA(1,0,1)"
2010-05-11,0.0009591941878210435,SPY,"ARIMA(1,0,1)"
2010-05-12,0.000934385287378416,SPY,"ARIMA(1,0,1)"
2010-05-13,0.0010888568073130702,SPY,"ARIMA(1,0,1)"
2010-05-14,0.0011415955628611579,SPY,"ARIMA(1,0,1)"
2010-05-17,0.0010352517011514286,SPY,"ARIMA(1,0,1)"
2010-05-18,0.001069846538475007,SPY,"ARIMA(1,0,1)"
2010-05-19,0.0009025684889512684,SPY,"ARIMA(1,0,1)"
2010-05-20,0.0008864716397959226,SPY,"ARIMA(1,0,1)"
2010-05-21,0.0007597200009443494,SPY,"ARIMA(1,0,1)"
2010-05-24,0.0008744916710337093,SPY,"ARIMA(1,0,1)"
2010-05-25,0.0008314645747674999,SPY,"ARIMA(1,0,1)"
2010-05-26,0.0007350891168185959,SPY,"ARIMA(1,0,1)"
2010-05-27,0.0007836304136452934,SPY,"ARIMA(1,0,1)"
2010-05-28,0.0008588423132599375,SPY,"ARIMA(1,0,1)"
2010-06-01,0.0007372685601652491,SPY,"ARIMA(1,0,1)"
2010-06-02,0.0005744174364373312,SPY,"ARIMA(1,0,1)"
2010-06-03,-0.00037925270359447864,SPY,"ARIMA(1,0,1)"
2010-06-04,0.000621348071102327,SPY,"ARIMA(1,0,1)"
2010-06-07,0.0019923584368142897,SPY,"ARIMA(1,0,1)"
2010-06-08,0.0011328779267654279,SPY,"ARIMA(1,0,1)"
2010-06-09,0.0002858968057800524,SPY,"ARIMA(1,0,1)"
2010-06-10,0.0006956068366931927,SPY,"ARIMA(1,0,1)"
2010-06-11,-0.0002387340923220852,SPY,"ARIMA(1,0,1)"
2010-06-14,0.00034222171320449083,SPY,"ARIMA(1,0,1)"
2010-06-15,0.0006473061167191154,SPY,"ARIMA(1,0,1)"
2010-06-16,-7.626168866650511e-05,SPY,"ARIMA(1,0,1)"
2010-06-17,0.0009764485655082503,SPY,"ARIMA(1,0,1)"
2010-06-18,0.0007989440873764421,SPY,"ARIMA(1,0,1)"
2010-06-21,0.0009148762967004917,SPY,"ARIMA(1,0,1)"
2010-06-22,0.0008991139815113821,SPY,"ARIMA(1,0,1)"
2010-06-23,0.0015935970649739277,SPY,"ARIMA(1,0,1)"
2010-06-24,0.0006781583952139955,SPY,"ARIMA(1,0,1)"
2010-06-25,0.0015738950996008476,SPY,"ARIMA(1,0,1)"
2010-06-28,0.00011643319165629228,SPY,"ARIMA(1,0,1)"
2010-06-29,0.0012394790736508733,SPY,"ARIMA(1,0,1)"
2010-06-30,0.0014222844548813407,SPY,"ARIMA(1,0,1)"
2010-07-01,0.0005053469614731052,SPY,"ARIMA(1,0,1)"
2010-07-02,0.0006265424497399831,SPY,"ARIMA(1,0,1)"
2010-07-06,0.0006939884002954282,SPY,"ARIMA(1,0,1)"
2010-07-07,0.000490224486491344,SPY,"ARIMA(1,0,1)"
2010-07-08,0.0003691723449636569,SPY,"ARIMA(1,0,1)"
2010-07-09,0.0007680568276532551,SPY,"ARIMA(1,0,1)"
2010-07-12,0.0008394408515069269,SPY,"ARIMA(1,0,1)"
2010-07-13,0.0008883164927248855,SPY,"ARIMA(1,0,1)"
2010-07-14,0.0007446998428512102,SPY,"ARIMA(1,0,1)"
2010-07-15,0.0007963937772775861,SPY,"ARIMA(1,0,1)"
2010-07-16,0.000701755813381922,SPY,"ARIMA(1,0,1)"
2010-07-19,0.0008938249089882165,SPY,"ARIMA(1,0,1)"
2010-07-20,0.0007762053299463116,SPY,"ARIMA(1,0,1)"
2010-07-21,0.0008839000041214999,SPY,"ARIMA(1,0,1)"
2010-07-22,0.0007426914557183367,SPY,"ARIMA(1,0,1)"
2010-07-23,0.0001670142918138778,SPY,"ARIMA(1,0,1)"
2010-07-26,0.00018036482352832694,SPY,"ARIMA(1,0,1)"
2010-07-27,0.00015553385561416114,SPY,"ARIMA(1,0,1)"
2010-07-28,0.0003542654076817537,SPY,"ARIMA(1,0,1)"
2010-07-29,0.0005505257472686188,SPY,"ARIMA(1,0,1)"
2010-07-30,0.0006040996992519491,SPY,"ARIMA(1,0,1)"
2010-08-02,0.0005958029715591441,SPY,"ARIMA(1,0,1)"
2010-08-03,0.00016717803775593632,SPY,"ARIMA(1,0,1)"
2010-08-04,0.00033111663621702167,SPY,"ARIMA(1,0,1)"
2010-08-05,0.0002591092373616645,SPY,"ARIMA(1,0,1)"
2010-08-06,0.0003600687451862707,SPY,"ARIMA(1,0,1)"
2010-08-09,0.0005627542112714506,SPY,"ARIMA(1,0,1)"
2010-08-10,0.00035572770330333844,SPY,"ARIMA(1,0,1)"
2010-08-11,0.0005245034959656747,SPY,"ARIMA(1,0,1)"
2010-08-12,0.000944638037088672,SPY,"ARIMA(1,0,1)"
2010-08-13,0.0007672197418914955,SPY,"ARIMA(1,0,1)"
2010-08-16,0.0005252315173904001,SPY,"ARIMA(1,0,1)"
2010-08-17,0.0004065274414340378,SPY,"ARIMA(1,0,1)"
2010-08-18,0.0003531097141290933,SPY,"ARIMA(1,0,1)"
2010-08-19,0.00044984339644608913,SPY,"ARIMA(1,0,1)"
2010-08-20,0.0007061441378498341,SPY,"ARIMA(1,0,1)"
2010-08-23,0.0005920839899472832,SPY,"ARIMA(1,0,1)"
2010-08-24,0.00046351320987704026,SPY,"ARIMA(1,0,1)"
2010-08-25,0.0004905295039373369,SPY,"ARIMA(1,0,1)"
2010-08-26,0.00025148088829756284,SPY,"ARIMA(1,0,1)"
2010-08-27,0.0003027709379558755,SPY,"ARIMA(1,0,1)"
2010-08-30,-0.0001304839741782333,SPY,"ARIMA(1,0,1)"
2010-08-31,0.00047901938541673197,SPY,"ARIMA(1,0,1)"
2010-09-01,0.0002485090850913218,SPY,"ARIMA(1,0,1)"
2010-09-02,-0.0007804092678264701,SPY,"ARIMA(1,0,1)"
2010-09-03,-0.0001097091107125666,SPY,"ARIMA(1,0,1)"
2010-09-07,-6.154023112246178e-05,SPY,"ARIMA(1,0,1)"
2010-09-08,0.0005672449935470165,SPY,"ARIMA(1,0,1)"
2010-09-09,0.00014703105577603271,SPY,"ARIMA(1,0,1)"
2010-09-10,9.750312135374935e-05,SPY,"ARIMA(1,0,1)"
2010-09-13,4.7383884999485876e-05,SPY,"ARIMA(1,0,1)"
2010-09-14,-0.0001710789385672291,SPY,"ARIMA(1,0,1)"
2010-09-15,0.0002279929571750985,SPY,"ARIMA(1,0,1)"
2010-09-16,0.00016247870052356475,SPY,"ARIMA(1,0,1)"
2010-09-17,0.00025360733292276784,SPY,"ARIMA(1,0,1)"
2010-09-20,0.00027615905277701496,SPY,"ARIMA(1,0,1)"
2010-09-21,-0.00024654925185154086,SPY,"ARIMA(1,0,1)"
2010-09-22,0.0002911398222324975,SPY,"ARIMA(1,0,1)"
2010-09-23,0.0005103332378746646,SPY,"ARIMA(1,0,1)"
2010-09-24,0.0006841349606242914,SPY,"ARIMA(1,0,1)"
2010-09-27,-0.00034296816922666206,SPY,"ARIMA(1,0,1)"
2010-09-28,0.0005076901683208665,SPY,"ARIMA(1,0,1)"
2010-09-29,0.00023437066081355028,SPY,"ARIMA(1,0,1)"
2010-09-30,0.0004720156782140778,SPY,"ARIMA(1,0,1)"
2010-10-01,0.000560897439601705,SPY,"ARIMA(1,0,1)"
2010-10-04,0.0002799690533263782,SPY,"ARIMA(1,0,1)"
2010-10-05,0.000970494046320638,SPY,"ARIMA(1,0,1)"
2010-10-06,-0.0007593167511184719,SPY,"ARIMA(1,0,1)"
2010-10-07,0.00043180249372070186,SPY,"ARIMA(1,0,1)"
2010-10-08,0.0005441276784913447,SPY,"ARIMA(1,0,1)"
2010-10-11,8.095188965617198e-05,SPY,"ARIMA(1,0,1)"
2010-10-12,0.0003452907561195142,SPY,"ARIMA(1,0,1)"
2010-10-13,0.00021651405718513874,SPY,"ARIMA(1,0,1)"
2010-10-14,-5.538350614058864e-05,SPY,"ARIMA(1,0,1)"
2010-10-15,0.0006236325715306176,SPY,"ARIMA(1,0,1)"
2010-10-18,0.00025741439300585976,SPY,"ARIMA(1,0,1)"
2010-10-19,9.76827049190915e-05,SPY,"ARIMA(1,0,1)"
2010-10-20,0.0012082880473103796,SPY,"ARIMA(1,0,1)"
2010-10-21,-0.00019426069026826906,SPY,"ARIMA(1,0,1)"
2010-10-22,0.00028701910805023153,SPY,"ARIMA(1,0,1)"
2010-10-25,0.00027818112715759897,SPY,"ARIMA(1,0,1)"
2010-10-26,0.00024151864485771852,SPY,"ARIMA(1,0,1)"
2010-10-27,0.0005017182512145522,SPY,"ARIMA(1,0,1)"
2010-10-28,0.000645716517985488,SPY,"ARIMA(1,0,1)"
2010-10-29,0.000633299292654094,SPY,"ARIMA(1,0,1)"
2010-11-01,0.0004983242333666336,SPY,"ARIMA(1,0,1)"
2010-11-02,0.0006240947006391558,SPY,"ARIMA(1,0,1)"
2010-11-03,0.00030373056130614706,SPY,"ARIMA(1,0,1)"
2010-11-04,0.0003615555623081592,SPY,"ARIMA(1,0,1)"
2010-11-05,-0.0003005054784116478,SPY,"ARIMA(1,0,1)"
2010-11-08,0.00017850334764597667,SPY,"ARIMA(1,0,1)"
2010-11-09,0.00048217862837225103,SPY,"ARIMA(1,0,1)"
2010-11-10,0.0007771658612239561,SPY,"ARIMA(1,0,1)"
2010-11-11,0.00046503629821767326,SPY,"ARIMA(1,0,1)"
2010-11-12,0.0006295396111931585,SPY,"ARIMA(1,0,1)"
2010-11-15,0.0010088050659987136,SPY,"ARIMA(1,0,1)"
2010-11-16,0.0006688130570853125,SPY,"ARIMA(1,0,1)"
2010-11-17,0.0009601183607754997,SPY,"ARIMA(1,0,1)"
2010-11-18,0.0004307432456290331,SPY,"ARIMA(1,0,1)"
2010-11-19,-0.00016134402416170503,SPY,"ARIMA(1,0,1)"
2010-11-22,0.00024833282615203744,SPY,"ARIMA(1,0,1)"
2010-11-23,0.0004505840930926545,SPY,"ARIMA(1,0,1)"
2010-11-24,0.0008765039899169148,SPY,"ARIMA(1,0,1)"
2010-11-26,-5.899655438648498e-05,SPY,"ARIMA(1,0,1)"
2010-11-29,0.0008626111216063564,SPY,"ARIMA(1,0,1)"
2010-11-30,0.0003792623865008062,SPY,"ARIMA(1,0,1)"
2010-12-01,0.0006537748449946287,SPY,"ARIMA(1,0,1)"
2010-12-02,-0.0005928621175702029,SPY,"ARIMA(1,0,1)"
2010-12-03,-0.0002770191321133038,SPY,"ARIMA(1,0,1)"
2010-12-06,0.00025282675110968605,SPY,"ARIMA(1,0,1)"
2010-12-07,0.00047392017046006264,SPY,"ARIMA(1,0,1)"
2010-12-08,0.00048345925576737244,SPY,"ARIMA(1,0,1)"
2010-12-09,0.00040876181488861145,SPY,"ARIMA(1,0,1)"
2010-12-10,0.0003650369293458431,SPY,"ARIMA(1,0,1)"
2010-12-13,0.0002903710964649431,SPY,"ARIMA(1,0,1)"
2010-12-14,0.0004661715437117239,SPY,"ARIMA(1,0,1)"
2010-12-15,0.00047328036349090363,SPY,"ARIMA(1,0,1)"
2010-12-16,0.0006973832784321837,SPY,"ARIMA(1,0,1)"
2010-12-17,0.0003372886776723211,SPY,"ARIMA(1,0,1)"
2010-12-20,0.0005191632407020356,SPY,"ARIMA(1,0,1)"
2010-12-21,0.0004714729761704763,SPY,"ARIMA(1,0,1)"
2010-12-22,0.00028444954021731596,SPY,"ARIMA(1,0,1)"
2010-12-23,0.00038694891023701756,SPY,"ARIMA(1,0,1)"
2010-12-27,0.00058280566439569,SPY,"ARIMA(1,0,1)"
2010-12-28,0.0005282259701455398,SPY,"ARIMA(1,0,1)"
2010-12-29,0.0004756661444544857,SPY,"ARIMA(1,0,1)"
2010-12-30,0.000507103083932806,SPY,"ARIMA(1,0,1)"
2010-12-31,0.0005944327130104122,SPY,"ARIMA(1,0,1)"
2011-01-03,0.000579102376103025,SPY,"ARIMA(1,0,1)"
2011-01-04,0.0001547421812655086,SPY,"ARIMA(1,0,1)"
2011-01-05,0.00047909348575354756,SPY,"ARIMA(1,0,1)"
2011-01-06,0.00034354938804785835,SPY,"ARIMA(1,0,1)"
2011-01-07,0.0005760569055154804,SPY,"ARIMA(1,0,1)"
2011-01-10,0.0005888362578983933,SPY,"ARIMA(1,0,1)"
2011-01-11,0.0005597236392328922,SPY,"ARIMA(1,0,1)"
2011-01-12,0.0004268688814896959,SPY,"ARIMA(1,0,1)"
2011-01-13,0.0002452331364809398,SPY,"ARIMA(1,0,1)"
2011-01-14,0.0004924523908328731,SPY,"ARIMA(1,0,1)"
2011-01-18,0.00035467121766572906,SPY,"ARIMA(1,0,1)"
2011-01-19,0.0003813941018813657,SPY,"ARIMA(1,0,1)"
2011-01-20,0.0010373081005872879,SPY,"ARIMA(1,0,1)"
2011-01-21,0.0008430981471357921,SPY,"ARIMA(1,0,1)"
2011-01-24,0.0007013585614378394,SPY,"ARIMA(1,0,1)"
2011-01-25,0.000493601965587526,SPY,"ARIMA(1,0,1)"
2011-01-26,0.0006777187689736276,SPY,"ARIMA(1,0,1)"
2011-01-27,0.0005899173336649053,SPY,"ARIMA(1,0,1)"
2011-01-28,0.0006942661474125435,SPY,"ARIMA(1,0,1)"
2011-01-31,0.0016540414123258902,SPY,"ARIMA(1,0,1)"
2011-02-01,0.000154746649455379,SPY,"ARIMA(1,0,1)"
2011-02-02,-0.0001083198500945289,SPY,"ARIMA(1,0,1)"
2011-02-03,0.0007440698154124553,SPY,"ARIMA(1,0,1)"
2011-02-04,0.0008269981177967607,SPY,"ARIMA(1,0,1)"
2011-02-07,0.0007891963941195229,SPY,"ARIMA(1,0,1)"
2011-02-08,0.0006620022321972883,SPY,"ARIMA(1,0,1)"
2011-02-09,0.0007194234046071427,SPY,"ARIMA(1,0,1)"
2011-02-10,0.0010437845031369196,SPY,"ARIMA(1,0,1)"
2011-02-11,0.0009116878843917068,SPY,"ARIMA(1,0,1)"
2011-02-14,0.0006383528993983892,SPY,"ARIMA(1,0,1)"
2011-02-15,0.0007424588155239154,SPY,"ARIMA(1,0,1)"
2011-02-16,0.0010194591692267824,SPY,"ARIMA(1,0,1)"
2011-02-17,0.0005375755567964366,SPY,"ARIMA(1,0,1)"
2011-02-18,0.0006971863069825395,SPY,"ARIMA(1,0,1)"
2011-02-22,0.0007621634986545342,SPY,"ARIMA(1,0,1)"
2011-02-23,0.0018570330971233572,SPY,"ARIMA(1,0,1)"
2011-02-24,0.001113491081146768,SPY,"ARIMA(1,0,1)"
2011-02-25,0.0008364311703873892,SPY,"ARIMA(1,0,1)"
2011-02-28,0.0003523113847851947,SPY,"ARIMA(1,0,1)"
2011-03-01,0.0004555707774819113,SPY,"ARIMA(1,0,1)"
2011-03-02,0.0014563981926335938,SPY,"ARIMA(1,0,1)"
2011-03-03,0.0007867419132152763,SPY,"ARIMA(1,0,1)"
2011-03-04,-1.8462873336912676e-05,SPY,"ARIMA(1,0,1)"
2011-03-07,0.0009250597211979648,SPY,"ARIMA(1,0,1)"
2011-03-08,0.0011075365745178232,SPY,"ARIMA(1,0,1)"
2011-03-09,0.00031811577369147395,SPY,"ARIMA(1,0,1)"
2011-03-10,0.0006850329137707883,SPY,"ARIMA(1,0,1)"
2011-03-11,0.0015370065479097758,SPY,"ARIMA(1,0,1)"
2011-03-14,0.0003553610530782954,SPY,"ARIMA(1,0,1)"
2011-03-15,0.0008945968221536797,SPY,"ARIMA(1,0,1)"
2011-03-16,0.0011317706606646138,SPY,"ARIMA(1,0,1)"
2011-03-17,0.0012460141235461526,SPY,"ARIMA(1,0,1)"
2011-03-18,-0.00016816345280058987,SPY,"ARIMA(1,0,1)"
2011-03-21,0.0002305872278147019,SPY,"ARIMA(1,0,1)"
2011-03-22,-0.0003090143875383295,SPY,"ARIMA(1,0,1)"
2011-03-23,0.00048262168286959125,SPY,"ARIMA(1,0,1)"
2011-03-24,0.0003711463082492105,SPY,"ARIMA(1,0,1)"
2011-03-25,4.7439795362747375e-05,SPY,"ARIMA(1,0,1)"
2011-03-28,0.00034703449259338917,SPY,"ARIMA(1,0,1)"
2011-03-29,0.0006252333320266438,SPY,"ARIMA(1,0,1)"
2011-03-30,0.00023024460746406928,SPY,"ARIMA(1,0,1)"
2011-03-31,0.00020275922037792137,SPY,"ARIMA(1,0,1)"
2011-04-01,0.0005965898040577866,SPY,"ARIMA(1,0,1)"
2011-04-04,0.0003452253583866046,SPY,"ARIMA(1,0,1)"
2011-04-05,0.0004853399332144421,SPY,"ARIMA(1,0,1)"
2011-04-06,0.0005752604641357481,SPY,"ARIMA(1,0,1)"
2011-04-07,0.0004108549865619826,SPY,"ARIMA(1,0,1)"
2011-04-08,0.0006471614293976158,SPY,"ARIMA(1,0,1)"
2011-04-11,0.00071711417824063,SPY,"ARIMA(1,0,1)"
2011-04-12,0.0006688787199327707,SPY,"ARIMA(1,0,1)"
2011-04-13,0.0008178046811403014,SPY,"ARIMA(1,0,1)"
2011-04-14,0.00044648309278537364,SPY,"ARIMA(1,0,1)"
2011-04-15,0.00045626997560830116,SPY,"ARIMA(1,0,1)"
2011-04-18,0.0003017783768302529,SPY,"ARIMA(1,0,1)"
2011-04-19,0.0009540721891409921,SPY,"ARIMA(1,0,1)"
2011-04-20,0.00022574241721932833,SPY,"ARIMA(1,0,1)"
2011-04-21,-0.00026178464250375234,SPY,"ARIMA(1,0,1)"
2011-04-25,0.00014405055539754014,SPY,"ARIMA(1,0,1)"
2011-04-26,0.0005410916278999897,SPY,"ARIMA(1,0,1)"
2011-04-27,0.000247389576231558,SPY,"ARIMA(1,0,1)"
2011-04-28,0.00031270595812911027,SPY,"ARIMA(1,0,1)"
2011-04-29,0.00041137902949897143,SPY,"ARIMA(1,0,1)"
2011-05-02,0.0005793169821798202,SPY,"ARIMA(1,0,1)"
2011-05-03,0.0006177806821109533,SPY,"ARIMA(1,0,1)"
2011-05-04,0.0009166084763197735,SPY,"ARIMA(1,0,1)"
2011-05-05,0.0008488436395168769,SPY,"ARIMA(1,0,1)"
2011-05-06,0.0012668539548481507,SPY,"ARIMA(1,0,1)"
2011-05-09,0.0008302860501359791,SPY,"ARIMA(1,0,1)"
2011-05-10,0.0007162127807214575,SPY,"ARIMA(1,0,1)"
2011-05-11,0.0007086255953655552,SPY,"ARIMA(1,0,1)"
2011-05-12,0.0010830220300631014,SPY,"ARIMA(1,0,1)"
2011-05-13,0.0004921397276814696,SPY,"ARIMA(1,0,1)"
2011-05-16,0.0009844492198842743,SPY,"ARIMA(1,0,1)"
2011-05-17,0.0009954608946911065,SPY,"ARIMA(1,0,1)"
2011-05-18,0.0007485214149111126,SPY,"ARIMA(1,0,1)"
2011-05-19,0.0004857232074319981,SPY,"ARIMA(1,0,1)"
2011-05-20,0.000995696666954257,SPY,"ARIMA(1,0,1)"
2011-05-23,0.001018042585953898,SPY,"ARIMA(1,0,1)"
2011-05-24,0.000889535426057024,SPY,"ARIMA(1,0,1)"
2011-05-25,0.0010299663255884674,SPY,"ARIMA(1,0,1)"
2011-05-26,0.0008453296913689179,SPY,"ARIMA(1,0,1)"
2011-05-27,0.0008885466120941189,SPY,"ARIMA(1,0,1)"
2011-05-31,0.0006079253964402518,SPY,"ARIMA(1,0,1)"
2011-06-01,0.0012225552374543142,SPY,"ARIMA(1,0,1)"
2011-06-02,0.0004893799473497263,SPY,"ARIMA(1,0,1)"
2011-06-03,0.0020245123152887977,SPY,"ARIMA(1,0,1)"
2011-06-06,0.0006717863953698471,SPY,"ARIMA(1,0,1)"
2011-06-07,0.0006003485462392,SPY,"ARIMA(1,0,1)"
2011-06-08,0.00035544254347337045,SPY,"ARIMA(1,0,1)"
2011-06-09,0.0008273483864954057,SPY,"ARIMA(1,0,1)"
2011-06-10,0.000916963562969334,SPY,"ARIMA(1,0,1)"
2011-06-13,0.00042435888309851056,SPY,"ARIMA(1,0,1)"
2011-06-14,0.0007838788475836801,SPY,"ARIMA(1,0,1)"
2011-06-15,0.0006684498416051196,SPY,"ARIMA(1,0,1)"
2011-06-16,0.0005785071765888697,SPY,"ARIMA(1,0,1)"
2011-06-17,0.0005812074633085848,SPY,"ARIMA(1,0,1)"
2011-06-20,0.0005861252691988469,SPY,"ARIMA(1,0,1)"
2011-06-21,0.0005597541497266488,SPY,"ARIMA(1,0,1)"
2011-06-22,0.0007261919350088288,SPY,"ARIMA(1,0,1)"
2011-06-23,0.0007820064611509694,SPY,"ARIMA(1,0,1)"
2011-06-24,0.0008259819587009076,SPY,"ARIMA(1,0,1)"
2011-06-27,0.0014216743654573492,SPY,"ARIMA(1,0,1)"
2011-06-28,0.0026078618814791323,SPY,"ARIMA(1,0,1)"
2011-06-29,0.0013208926833166977,SPY,"ARIMA(1,0,1)"
2011-06-30,0.001981410946595938,SPY,"ARIMA(1,0,1)"
2011-07-01,0.00043325806456970956,SPY,"ARIMA(1,0,1)"
2011-07-05,-6.233842493799028e-05,SPY,"ARIMA(1,0,1)"
2011-07-06,2.927689817661854e-05,SPY,"ARIMA(1,0,1)"
2011-07-07,0.0004370332028796566,SPY,"ARIMA(1,0,1)"
2011-07-08,3.081220540364425e-05,SPY,"ARIMA(1,0,1)"
2011-07-11,0.0007761948468151032,SPY,"ARIMA(1,0,1)"
2011-07-12,0.0015676698952687646,SPY,"ARIMA(1,0,1)"
2011-07-13,0.001271210734743042,SPY,"ARIMA(1,0,1)"
2011-07-14,0.0008973002307496857,SPY,"ARIMA(1,0,1)"
2011-07-15,0.001018503815132603,SPY,"ARIMA(1,0,1)"
2011-07-18,0.0009825902304679255,SPY,"ARIMA(1,0,1)"
2011-07-19,0.0017695493878339482,SPY,"ARIMA(1,0,1)"
2011-07-20,0.0009828064409591682,SPY,"ARIMA(1,0,1)"
2011-07-21,0.0009263283214125964,SPY,"ARIMA(1,0,1)"
2011-07-22,0.0003879810784525444,SPY,"ARIMA(1,0,1)"
2011-07-25,0.0004376432417009631,SPY,"ARIMA(1,0,1)"
2011-07-26,0.0006786076874452867,SPY,"ARIMA(1,0,1)"
2011-07-27,0.0008343477039566578,SPY,"ARIMA(1,0,1)"
2011-07-28,0.0014850321161082411,SPY,"ARIMA(1,0,1)"
2011-07-29,0.001159962945913149,SPY,"ARIMA(1,0,1)"
2011-08-01,0.0007089082120018673,SPY,"ARIMA(1,0,1)"
2011-08-02,0.0008479141954382456,SPY,"ARIMA(1,0,1)"
2011-08-03,0.0006860192588695706,SPY,"ARIMA(1,0,1)"
2011-08-04,0.0005738391123175964,SPY,"ARIMA(1,0,1)"
2011-08-05,0.0014640042199991366,SPY,"ARIMA(1,0,1)"
2011-08-08,0.00021188845063589576,SPY,"ARIMA(1,0,1)"
2011-08-09,0.0017306369597871014,SPY,"ARIMA(1,0,1)"
2011-08-10,-0.013933624505918212,SPY,"ARIMA(1,0,1)"
2011-08-11,0.02549216205859735,SPY,"ARIMA(1,0,1)"
2011-08-12,-0.03110607148557398,SPY,"ARIMA(1,0,1)"
2011-08-15,0.014667706659690498,SPY,"ARIMA(1,0,1)"
2011-08-16,-0.013876871846528202,SPY,"ARIMA(1,0,1)"
2011-08-17,0.010841847671563487,SPY,"ARIMA(1,0,1)"
2011-08-18,-0.006575551873478705,SPY,"ARIMA(1,0,1)"
2011-08-19,0.015984623492726224,SPY,"ARIMA(1,0,1)"
2011-08-22,-0.0071561685493886865,SPY,"ARIMA(1,0,1)"
2011-08-23,0.007023660795512846,SPY,"ARIMA(1,0,1)"
2011-08-24,-0.013008023602091752,SPY,"ARIMA(1,0,1)"
2011-08-25,0.012924003994008407,SPY,"ARIMA(1,0,1)"
2011-08-26,0.0008727424379422043,SPY,"ARIMA(1,0,1)"
2011-08-29,-0.002426230386419659,SPY,"ARIMA(1,0,1)"
2011-08-30,-0.002410876602698692,SPY,"ARIMA(1,0,1)"
2011-08-31,0.002472215021816438,SPY,"ARIMA(1,0,1)"
2011-09-01,-0.0013719679056144272,SPY,"ARIMA(1,0,1)"
2011-09-02,0.003727195249649441,SPY,"ARIMA(1,0,1)"
2011-09-06,0.00018432014721512423,SPY,"ARIMA(1,0,1)"
2011-09-07,0.002605319947418177,SPY,"ARIMA(1,0,1)"
2011-09-08,-0.0038523055883491614,SPY,"ARIMA(1,0,1)"
2011-09-09,0.005192770433939419,SPY,"ARIMA(1,0,1)"
2011-09-12,0.0009916324045562488,SPY,"ARIMA(1,0,1)"
2011-09-13,-0.0013039855659889047,SPY,"ARIMA(1,0,1)"
2011-09-14,-3.2268091174008945e-05,SPY,"ARIMA(1,0,1)"
2011-09-15,-0.0015545350182544085,SPY,"ARIMA(1,0,1)"
2011-09-16,-0.0008184139526924525,SPY,"ARIMA(1,0,1)"
2011-09-19,0.00041810941019367314,SPY,"ARIMA(1,0,1)"
2011-09-20,0.001602239210209413,SPY,"ARIMA(1,0,1)"
2011-09-21,-0.0005986579551046389,SPY,"ARIMA(1,0,1)"
2011-09-22,0.005415953424989528,SPY,"ARIMA(1,0,1)"
2011-09-23,0.001029605142365336,SPY,"ARIMA(1,0,1)"
2011-09-26,-0.0014640038920182123,SPY,"ARIMA(1,0,1)"
2011-09-27,-0.0018086567043066465,SPY,"ARIMA(1,0,1)"
2011-09-28,0.00023468525941990658,SPY,"ARIMA(1,0,1)"
2011-09-29,0.002732366467478262,SPY,"ARIMA(1,0,1)"
2011-09-30,-0.0028897727184230915,SPY,"ARIMA(1,0,1)"
2011-10-03,0.002666547184805912,SPY,"ARIMA(1,0,1)"
2011-10-04,-0.0006009946908193127,SPY,"ARIMA(1,0,1)"
2011-10-05,-0.0023248708445427983,SPY,"ARIMA(1,0,1)"
2011-10-06,-0.0004928380038547815,SPY,"ARIMA(1,0,1)"
2011-10-07,-0.0015931240344878542,SPY,"ARIMA(1,0,1)"
2011-10-10,0.0021559948306995287,SPY,"ARIMA(1,0,1)"
2011-10-11,-0.005541175833518203,SPY,"ARIMA(1,0,1)"
2011-10-12,0.004354910246244298,SPY,"ARIMA(1,0,1)"
2011-10-13,-0.004116661034382721,SPY,"ARIMA(1,0,1)"
2011-10-14,0.0037230159607174445,SPY,"ARIMA(1,0,1)"
2011-10-17,-0.004615254436241861,SPY,"ARIMA(1,0,1)"
2011-10-18,0.0063854134718442195,SPY,"ARIMA(1,0,1)"
2011-10-19,-0.0071176542353620625,SPY,"ARIMA(1,0,1)"
2011-10-20,0.007500178439891945,SPY,"ARIMA(1,0,1)"
2011-10-21,-0.005928830848656607,SPY,"ARIMA(1,0,1)"
2011-10-24,0.0023513381571965107,SPY,"ARIMA(1,0,1)"
2011-10-25,-0.0028816025472260657,SPY,"ARIMA(1,0,1)"
2011-10-26,0.00524828629597213,SPY,"ARIMA(1,0,1)"
2011-10-27,-0.0049062608136589535,SPY,"ARIMA(1,0,1)"
2011-10-28,4.5598274948235775e-05,SPY,"ARIMA(1,0,1)"
2011-10-31,0.0007524247852632587,SPY,"ARIMA(1,0,1)"
2011-11-01,0.0030374707641505597,SPY,"ARIMA(1,0,1)"
2011-11-02,0.0013326837560432012,SPY,"ARIMA(1,0,1)"
2011-11-03,-0.001134112801973526,SPY,"ARIMA(1,0,1)"
2011-11-04,-0.0014117068958169156,SPY,"ARIMA(1,0,1)"
2011-11-07,0.0006466409277914472,SPY,"ARIMA(1,0,1)"
2011-11-08,-0.00032010037263453556,SPY,"ARIMA(1,0,1)"
2011-11-09,-0.0008443980854240767,SPY,"ARIMA(1,0,1)"
2011-11-10,0.0037075453800285364,SPY,"ARIMA(1,0,1)"
2011-11-11,-0.0005849539823651205,SPY,"ARIMA(1,0,1)"
2011-11-14,0.001782030585785579,SPY,"ARIMA(1,0,1)"
2011-11-15,0.0011796353640837539,SPY,"ARIMA(1,0,1)"
2011-11-16,-0.00010483432191260708,SPY,"ARIMA(1,0,1)"
2011-11-17,0.0024309695228648363,SPY,"ARIMA(1,0,1)"
2011-11-18,0.0018705741040103317,SPY,"ARIMA(1,0,1)"
2011-11-21,0.00015325639861647045,SPY,"ARIMA(1,0,1)"
2011-11-22,0.0020013854774245093,SPY,"ARIMA(1,0,1)"
2011-11-23,0.000559837082910454,SPY,"ARIMA(1,0,1)"
2011-11-25,0.0019502068195300717,SPY,"ARIMA(1,0,1)"
2011-11-28,0.00023541636137322958,SPY,"ARIMA(1,0,1)"
2011-11-29,-0.0009790651043063072,SPY,"ARIMA(1,0,1)"
2011-11-30,0.0006812310762826183,SPY,"ARIMA(1,0,1)"
2011-12-01,-0.003238939299737316,SPY,"ARIMA(1,0,1)"
2011-12-02,0.0037908979259345214,SPY,"ARIMA(1,0,1)"
2011-12-05,-0.0025835219992589955,SPY,"ARIMA(1,0,1)"
2011-12-06,0.00121832807611982,SPY,"ARIMA(1,0,1)"
2011-12-07,-0.0006430241311736631,SPY,"ARIMA(1,0,1)"
2011-12-08,0.00047424196519239837,SPY,"ARIMA(1,0,1)"
2011-12-09,0.00212544146885195,SPY,"ARIMA(1,0,1)"
2011-12-12,-0.00326826478344837,SPY,"ARIMA(1,0,1)"
2011-12-13,0.004340200765308198,SPY,"ARIMA(1,0,1)"
2011-12-14,-0.002200139840734192,SPY,"ARIMA(1,0,1)"
2011-12-15,0.0028426272163536914,SPY,"ARIMA(1,0,1)"
2011-12-16,-0.002592642465946276,SPY,"ARIMA(1,0,1)"
2011-12-19,0.0018242055483841599,SPY,"ARIMA(1,0,1)"
2011-12-20,-0.0003538577480778503,SPY,"ARIMA(1,0,1)"
2011-12-21,-0.0029750719503772193,SPY,"ARIMA(1,0,1)"
2011-12-22,0.002072056572080934,SPY,"ARIMA(1,0,1)"
2011-12-23,-0.002440849814544505,SPY,"ARIMA(1,0,1)"
2011-12-27,0.001069643321702366,SPY,"ARIMA(1,0,1)"
2011-12-28,-0.0007147529675970096,SPY,"ARIMA(1,0,1)"
2011-12-29,0.002047667855517588,SPY,"ARIMA(1,0,1)"
2011-12-30,-0.0025291693131587623,SPY,"ARIMA(1,0,1)"
2012-01-03,0.0026070872975150336,SPY,"ARIMA(1,0,1)"
2012-01-04,-0.0035543078626624758,SPY,"ARIMA(1,0,1)"
2012-01-05,0.002711535725844988,SPY,"ARIMA(1,0,1)"
2012-01-06,-0.0021749427797996906,SPY,"ARIMA(1,0,1)"
2012-01-09,0.00211181731626991,SPY,"ARIMA(1,0,1)"
2012-01-10,-0.0016916312958131295,SPY,"ARIMA(1,0,1)"
2012-01-11,0.0006012516867942707,SPY,"ARIMA(1,0,1)"
2012-01-12,-0.0002572944909465161,SPY,"ARIMA(1,0,1)"
2012-01-13,0.000159698171022759,SPY,"ARIMA(1,0,1)"
2012-01-17,0.000617892780496678,SPY,"ARIMA(1,0,1)"
2012-01-18,-0.0007368253236930979,SPY,"ARIMA(1,0,1)"
2012-01-19,-0.0004278389791278585,SPY,"ARIMA(1,0,1)"
2012-01-20,5.338794764653723e-05,SPY,"ARIMA(1,0,1)"
2012-01-23,-8.314393104848745e-05,SPY,"ARIMA(1,0,1)"
2012-01-24,0.0006808590381220484,SPY,"ARIMA(1,0,1)"
2012-01-25,-9.972870215560568e-05,SPY,"ARIMA(1,0,1)"
2012-01-26,-0.000493709836999724,SPY,"ARIMA(1,0,1)"
2012-01-27,0.0006098724920192293,SPY,"ARIMA(1,0,1)"
2012-01-30,-0.0006205014642534149,SPY,"ARIMA(1,0,1)"
2012-01-31,0.0011582883657247813,SPY,"ARIMA(1,0,1)"
2012-02-01,-0.0005276069050199501,SPY,"ARIMA(1,0,1)"
2012-02-02,-0.0002766613433335029,SPY,"ARIMA(1,0,1)"
2012-02-03,0.0002961832292498247,SPY,"ARIMA(1,0,1)"
2012-02-06,-0.0014096831861055942,SPY,"ARIMA(1,0,1)"
2012-02-07,0.0014835115312719959,SPY,"ARIMA(1,0,1)"
2012-02-08,-0.00109252411684919,SPY,"ARIMA(1,0,1)"
2012-02-09,0.0008025113193986821,SPY,"ARIMA(1,0,1)"
2012-02-10,-0.00043633336039270126,SPY,"ARIMA(1,0,1)"
2012-02-13,0.0014198759666105448,SPY,"ARIMA(1,0,1)"
2012-02-14,-0.001625157930640821,SPY,"ARIMA(1,0,1)"
2012-02-15,0.001629345214099671,SPY,"ARIMA(1,0,1)"
2012-02-16,-0.0004934129261944795,SPY,"ARIMA(1,0,1)"
2012-02-17,-0.000572671057125087,SPY,"ARIMA(1,0,1)"
2012-02-21,0.0004092603000898775,SPY,"ARIMA(1,0,1)"
2012-02-22,-0.00010082178624096582,SPY,"ARIMA(1,0,1)"
2012-02-23,0.0007614205630237683,SPY,"ARIMA(1,0,1)"
2012-02-24,-0.0006364032019724135,SPY,"ARIMA(1,0,1)"
2012-02-27,0.0007069968401636462,SPY,"ARIMA(1,0,1)"
2012-02-28,-0.0002821765663599306,SPY,"ARIMA(1,0,1)"
2012-02-29,0.00029047468273607176,SPY,"ARIMA(1,0,1)"
2012-03-01,0.000661312947385385,SPY,"ARIMA(1,0,1)"
2012-03-02,-0.0005891799235407673,SPY,"ARIMA(1,0,1)"
2012-03-05,0.0012052514974299176,SPY,"ARIMA(1,0,1)"
2012-03-06,-7.55234992656792e-05,SPY,"ARIMA(1,0,1)"
2012-03-07,0.002069904897188522,SPY,"ARIMA(1,0,1)"
2012-03-08,-0.0020561437354908525,SPY,"ARIMA(1,0,1)"
2012-03-09,0.000790643954494674,SPY,"ARIMA(1,0,1)"
2012-03-12,-0.0005253757399909904,SPY,"ARIMA(1,0,1)"
2012-03-13,0.0009231930672930146,SPY,"ARIMA(1,0,1)"
2012-03-14,-0.0020793038709266912,SPY,"ARIMA(1,0,1)"
2012-03-15,0.0024793461271764793,SPY,"ARIMA(1,0,1)"
2012-03-16,-0.0016271928134483694,SPY,"ARIMA(1,0,1)"
2012-03-19,0.00196032030173447,SPY,"ARIMA(1,0,1)"
2012-03-20,-0.001058733261472461,SPY,"ARIMA(1,0,1)"
2012-03-21,0.0019165088331062972,SPY,"ARIMA(1,0,1)"
2012-03-22,-0.0005154091075368088,SPY,"ARIMA(1,0,1)"
2012-03-23,0.0019090549157268321,SPY,"ARIMA(1,0,1)"
2012-03-26,-0.0011675701045128907,SPY,"ARIMA(1,0,1)"
2012-03-27,-3.350156104327132e-05,SPY,"ARIMA(1,0,1)"
2012-03-28,0.0010859176134710223,SPY,"ARIMA(1,0,1)"
2012-03-29,0.0003974656198021553,SPY,"ARIMA(1,0,1)"
2012-03-30,0.00046980165497032667,SPY,"ARIMA(1,0,1)"
2012-04-02,-0.0002461356440750211,SPY,"ARIMA(1,0,1)"
2012-04-03,-3.3169181695830684e-05,SPY,"ARIMA(1,0,1)"
2012-04-04,0.00107817068819637,SPY,"ARIMA(1,0,1)"
2012-04-05,0.0008402231234413374,SPY,"ARIMA(1,0,1)"
2012-04-09,-8.990977301769634e-05,SPY,"ARIMA(1,0,1)"
2012-04-10,0.001778566821430523,SPY,"ARIMA(1,0,1)"
2012-04-11,0.0008975945303797165,SPY,"ARIMA(1,0,1)"
2012-04-12,-0.001216201906452205,SPY,"ARIMA(1,0,1)"
2012-04-13,-3.236711330888609e-05,SPY,"ARIMA(1,0,1)"
2012-04-16,0.0018361416639217697,SPY,"ARIMA(1,0,1)"
2012-04-17,-0.0008650522415062272,SPY,"ARIMA(1,0,1)"
2012-04-18,-0.00045038085338439354,SPY,"ARIMA(1,0,1)"
2012-04-19,0.0012777902557186932,SPY,"ARIMA(1,0,1)"
2012-04-20,0.00026814412646825026,SPY,"ARIMA(1,0,1)"
2012-04-23,5.895017187382523e-05,SPY,"ARIMA(1,0,1)"
2012-04-24,0.0012316133843036986,SPY,"ARIMA(1,0,1)"
2012-04-25,-0.001019292612256996,SPY,"ARIMA(1,0,1)"
2012-04-26,-0.0003526620670249353,SPY,"ARIMA(1,0,1)"
2012-04-27,-0.0001080238392253162,SPY,"ARIMA(1,0,1)"
2012-04-30,0.00028437344969997765,SPY,"ARIMA(1,0,1)"
2012-05-01,0.0005359812749759549,SPY,"ARIMA(1,0,1)"
2012-05-02,-0.0007169965983571043,SPY,"ARIMA(1,0,1)"
2012-05-03,0.0012590047734172948,SPY,"ARIMA(1,0,1)"
2012-05-04,0.00027030686121733605,SPY,"ARIMA(1,0,1)"
2012-05-07,0.0019159606561336914,SPY,"ARIMA(1,0,1)"
2012-05-08,-0.0012117714299307645,SPY,"ARIMA(1,0,1)"
2012-05-09,0.0016327187658772295,SPY,"ARIMA(1,0,1)"
2012-05-10,-0.0003995642534592394,SPY,"ARIMA(1,0,1)"
2012-05-11,0.0002711305186560378,SPY,"ARIMA(1,0,1)"
2012-05-14,0.000319937178966788,SPY,"ARIMA(1,0,1)"
2012-05-15,0.0011140060841016777,SPY,"ARIMA(1,0,1)"
2012-05-16,-7.5148453834779e-05,SPY,"ARIMA(1,0,1)"
2012-05-17,0.0006035070335757588,SPY,"ARIMA(1,0,1)"
2012-05-18,0.0011692937697036616,SPY,"ARIMA(1,0,1)"
2012-05-21,-6.158451440874863e-05,SPY,"ARIMA(1,0,1)"
2012-05-22,-0.0017939687131993951,SPY,"ARIMA(1,0,1)"
2012-05-23,0.0012816572676516006,SPY,"ARIMA(1,0,1)"
2012-05-24,-0.0008699789150103815,SPY,"ARIMA(1,0,1)"
2012-05-25,0.0006076003761965932,SPY,"ARIMA(1,0,1)"
2012-05-29,5.867088786008842e-06,SPY,"ARIMA(1,0,1)"
2012-05-30,-0.001182394639560207,SPY,"ARIMA(1,0,1)"
2012-05-31,0.0025240115888786516,SPY,"ARIMA(1,0,1)"
2012-06-01,-0.0015971071439465768,SPY,"ARIMA(1,0,1)"
2012-06-04,0.0040386290410549105,SPY,"ARIMA(1,0,1)"
2012-06-05,-0.0030197394363464434,SPY,"ARIMA(1,0,1)"
2012-06-06,0.001523852571240113,SPY,"ARIMA(1,0,1)"
2012-06-07,-0.0018141787756763164,SPY,"ARIMA(1,0,1)"
2012-06-08,0.002794034915577288,SPY,"ARIMA(1,0,1)"
2012-06-11,-0.002638973673941587,SPY,"ARIMA(1,0,1)"
2012-06-12,0.00382537750730088,SPY,"ARIMA(1,0,1)"
2012-06-13,-0.0038152888813485753,SPY,"ARIMA(1,0,1)"
2012-06-14,0.003985228745199543,SPY,"ARIMA(1,0,1)"
2012-06-15,-0.0038502900696431638,SPY,"ARIMA(1,0,1)"
2012-06-18,0.0023102813273437562,SPY,"ARIMA(1,0,1)"
2012-06-19,-0.0014068786158915605,SPY,"ARIMA(1,0,1)"
2012-06-20,0.0005539856911393108,SPY,"ARIMA(1,0,1)"
2012-06-21,0.00029164202935244815,SPY,"ARIMA(1,0,1)"
2012-06-22,0.0026918390867335415,SPY,"ARIMA(1,0,1)"
2012-06-25,-0.002506552359670652,SPY,"ARIMA(1,0,1)"
2012-06-26,0.00415131564608804,SPY,"ARIMA(1,0,1)"
2012-06-27,-0.0033663262978909383,SPY,"ARIMA(1,0,1)"
2012-06-28,0.0019143920917462178,SPY,"ARIMA(1,0,1)"
2012-06-29,-0.0008430370350081081,SPY,"ARIMA(1,0,1)"
2012-07-02,-0.0018763670010216273,SPY,"ARIMA(1,0,1)"
2012-07-03,0.00136424407640638,SPY,"ARIMA(1,0,1)"
2012-07-05,-0.0014560234862295823,SPY,"ARIMA(1,0,1)"
2012-07-06,0.0019371689468593116,SPY,"ARIMA(1,0,1)"
2012-07-09,-0.00017322897305956726,SPY,"ARIMA(1,0,1)"
2012-07-10,0.0004501362140637083,SPY,"ARIMA(1,0,1)"
2012-07-11,0.0009001071515425546,SPY,"ARIMA(1,0,1)"
2012-07-12,-0.00040811311633339034,SPY,"ARIMA(1,0,1)"
2012-07-13,0.0011280561940025901,SPY,"ARIMA(1,0,1)"
2012-07-16,-0.0024061037372935254,SPY,"ARIMA(1,0,1)"
2012-07-17,0.0024530148941879185,SPY,"ARIMA(1,0,1)"
2012-07-18,-0.0022026260165188215,SPY,"ARIMA(1,0,1)"
2012-07-19,0.0013210955416205076,SPY,"ARIMA(1,0,1)"
2012-07-20,-0.0008927405447904532,SPY,"ARIMA(1,0,1)"
2012-07-23,0.0020562208938620626,SPY,"ARIMA(1,0,1)"
2012-07-24,-0.0004000189984966421,SPY,"ARIMA(1,0,1)"
2012-07-25,0.0013646492307509564,SPY,"ARIMA(1,0,1)"
2012-07-26,-0.0010292642740327405,SPY,"ARIMA(1,0,1)"
2012-07-27,-0.0006422401430239274,SPY,"ARIMA(1,0,1)"
2012-07-30,-0.0008852162526508318,SPY,"ARIMA(1,0,1)"
2012-07-31,0.0014116974615420237,SPY,"ARIMA(1,0,1)"
2012-08-01,9.395268480954746e-05,SPY,"ARIMA(1,0,1)"
2012-08-02,0.0007250818719003553,SPY,"ARIMA(1,0,1)"
2012-08-03,0.000939615770348541,SPY,"ARIMA(1,0,1)"
2012-08-06,-0.0014931338815436098,SPY,"ARIMA(1,0,1)"
2012-08-07,0.0004422166396807105,SPY,"ARIMA(1,0,1)"
2012-08-08,0.0007251351876928875,SPY,"ARIMA(1,0,1)"
2012-08-09,0.0008523914787903564,SPY,"ARIMA(1,0,1)"
2012-08-10,-0.00047070192898811497,SPY,"ARIMA(1,0,1)"
2012-08-13,-0.000581612036684239,SPY,"ARIMA(1,0,1)"
2012-08-14,-0.0003648260997093963,SPY,"ARIMA(1,0,1)"
2012-08-15,0.0006986435462901157,SPY,"ARIMA(1,0,1)"
2012-08-16,0.0007314198537048131,SPY,"ARIMA(1,0,1)"
2012-08-17,-0.0006154365122031367,SPY,"ARIMA(1,0,1)"
2012-08-20,0.000873673460285627,SPY,"ARIMA(1,0,1)"
2012-08-21,0.0010041629178218184,SPY,"ARIMA(1,0,1)"
2012-08-22,0.0002905363965056601,SPY,"ARIMA(1,0,1)"
2012-08-23,0.0002798209543400746,SPY,"ARIMA(1,0,1)"
2012-08-24,0.0009633314551267293,SPY,"ARIMA(1,0,1)"
2012-08-27,0.0007800524482686138,SPY,"ARIMA(1,0,1)"
2012-08-28,0.0008042020887803258,SPY,"ARIMA(1,0,1)"
2012-08-29,0.0006606351022221943,SPY,"ARIMA(1,0,1)"
2012-08-30,0.0009010029428809475,SPY,"ARIMA(1,0,1)"
2012-08-31,0.0013366640161688644,SPY,"ARIMA(1,0,1)"
2012-09-04,0.0009876000812919232,SPY,"ARIMA(1,0,1)"
2012-09-05,0.0007922703171748001,SPY,"ARIMA(1,0,1)"
2012-09-06,0.0008179542595183061,SPY,"ARIMA(1,0,1)"
2012-09-07,0.000788431385663169,SPY,"ARIMA(1,0,1)"
2012-09-10,0.000845293989633215,SPY,"ARIMA(1,0,1)"
2012-09-11,0.0009268707608228012,SPY,"ARIMA(1,0,1)"
2012-09-12,0.0009123355261473673,SPY,"ARIMA(1,0,1)"
2012-09-13,0.0008899275748619531,SPY,"ARIMA(1,0,1)"
2012-09-14,0.0008943458648017495,SPY,"ARIMA(1,0,1)"
2012-09-17,0.0008456344535987896,SPY,"ARIMA(1,0,1)"
2012-09-18,0.0008071609352113842,SPY,"ARIMA(1,0,1)"
2012-09-19,0.0008436809694263311,SPY,"ARIMA(1,0,1)"
2012-09-20,0.0008546150722251557,SPY,"ARIMA(1,0,1)"
2012-09-21,0.0005809232892291694,SPY,"ARIMA(1,0,1)"
2012-09-24,0.000675464323962141,SPY,"ARIMA(1,0,1)"
2012-09-25,0.0012349890044863314,SPY,"ARIMA(1,0,1)"
2012-09-26,0.0014806678181177365,SPY,"ARIMA(1,0,1)"
2012-09-27,0.0011516861934339963,SPY,"ARIMA(1,0,1)"
2012-09-28,0.0006557096563813134,SPY,"ARIMA(1,0,1)"
2012-10-01,0.0012515276888848794,SPY,"ARIMA(1,0,1)"
2012-10-02,0.000975533054707526,SPY,"ARIMA(1,0,1)"
2012-10-03,0.0011685251851270189,SPY,"ARIMA(1,0,1)"
2012-10-04,0.0009056462047079812,SPY,"ARIMA(1,0,1)"
2012-10-05,0.0006635183763374491,SPY,"ARIMA(1,0,1)"
2012-10-08,0.0007707441757640694,SPY,"ARIMA(1,0,1)"
2012-10-09,0.001052803902997035,SPY,"ARIMA(1,0,1)"
2012-10-10,0.0014542813773317565,SPY,"ARIMA(1,0,1)"
2012-10-11,0.001659568906631438,SPY,"ARIMA(1,0,1)"
2012-10-12,0.0013196622047921551,SPY,"ARIMA(1,0,1)"
2012-10-15,0.0009525013413743185,SPY,"ARIMA(1,0,1)"
2012-10-16,0.0007784497227258971,SPY,"ARIMA(1,0,1)"
2012-10-17,0.0007222377335614092,SPY,"ARIMA(1,0,1)"
2012-10-18,0.0002808952374730041,SPY,"ARIMA(1,0,1)"
2012-10-19,0.0007578521386858828,SPY,"ARIMA(1,0,1)"
2012-10-22,0.0008867224061479481,SPY,"ARIMA(1,0,1)"
2012-10-23,0.0006679832332395721,SPY,"ARIMA(1,0,1)"
2012-10-24,0.0005542790330638587,SPY,"ARIMA(1,0,1)"
2012-10-25,0.0006202907154621547,SPY,"ARIMA(1,0,1)"
2012-10-26,0.0018070597489514891,SPY,"ARIMA(1,0,1)"
2012-10-31,0.00045646475177682776,SPY,"ARIMA(1,0,1)"
2012-11-01,0.0005574942075053133,SPY,"ARIMA(1,0,1)"
2012-11-02,0.0002452716763530951,SPY,"ARIMA(1,0,1)"
2012-11-05,0.0011106484679024213,SPY,"ARIMA(1,0,1)"
2012-11-06,0.00044610755713526647,SPY,"ARIMA(1,0,1)"
2012-11-07,0.0004286544273600063,SPY,"ARIMA(1,0,1)"
2012-11-08,0.0013828971457848288,SPY,"ARIMA(1,0,1)"
2012-11-09,0.0007570952104058218,SPY,"ARIMA(1,0,1)"
2012-11-12,0.0003843376158480975,SPY,"ARIMA(1,0,1)"
2012-11-13,0.0005378453617724888,SPY,"ARIMA(1,0,1)"
2012-11-14,0.00044533424086073904,SPY,"ARIMA(1,0,1)"
2012-11-15,0.0001484917120879388,SPY,"ARIMA(1,0,1)"
2012-11-16,0.00039338063786526476,SPY,"ARIMA(1,0,1)"
2012-11-19,0.0004084643583244343,SPY,"ARIMA(1,0,1)"
2012-11-20,0.0007071335251397872,SPY,"ARIMA(1,0,1)"
2012-11-21,0.0005383689650109257,SPY,"ARIMA(1,0,1)"
2012-11-23,0.0005989330585654001,SPY,"ARIMA(1,0,1)"
2012-11-26,0.0007409439177583375,SPY,"ARIMA(1,0,1)"
2012-11-27,0.0007481297166996951,SPY,"ARIMA(1,0,1)"
2012-11-28,0.000822130005023756,SPY,"ARIMA(1,0,1)"
2012-11-29,0.0007597836228291417,SPY,"ARIMA(1,0,1)"
2012-11-30,0.0007620129201529092,SPY,"ARIMA(1,0,1)"
2012-12-03,0.0007515061681574583,SPY,"ARIMA(1,0,1)"
2012-12-04,0.000572716674350262,SPY,"ARIMA(1,0,1)"
2012-12-05,0.0005677484017903668,SPY,"ARIMA(1,0,1)"
2012-12-06,0.0005772856523562268,SPY,"ARIMA(1,0,1)"
2012-12-07,0.000547249223829741,SPY,"ARIMA(1,0,1)"
2012-12-10,0.0005578047618154422,SPY,"ARIMA(1,0,1)"
2012-12-11,0.0005444874707708831,SPY,"ARIMA(1,0,1)"
2012-12-12,0.0007838641026878087,SPY,"ARIMA(1,0,1)"
2012-12-13,0.0005962342453443889,SPY,"ARIMA(1,0,1)"
2012-12-14,0.0006314716617707481,SPY,"ARIMA(1,0,1)"
2012-12-17,0.0006542969158528794,SPY,"ARIMA(1,0,1)"
2012-12-18,0.0007402118231973748,SPY,"ARIMA(1,0,1)"
2012-12-19,0.0010189949075229301,SPY,"ARIMA(1,0,1)"
2012-12-20,0.00044605414067401685,SPY,"ARIMA(1,0,1)"
2012-12-21,0.0011493634939781414,SPY,"ARIMA(1,0,1)"
2012-12-24,0.0004531742394234923,SPY,"ARIMA(1,0,1)"
2012-12-26,0.0004312762682264741,SPY,"ARIMA(1,0,1)"
2012-12-27,0.00032703424988693875,SPY,"ARIMA(1,0,1)"
2012-12-28,0.0005037121302740918,SPY,"ARIMA(1,0,1)"
2012-12-31,8.355520294610222e-06,SPY,"ARIMA(1,0,1)"
2013-01-02,0.0013029644243397623,SPY,"ARIMA(1,0,1)"
2013-01-03,0.0022413877886848675,SPY,"ARIMA(1,0,1)"
2013-01-04,0.0007058536352203514,SPY,"ARIMA(1,0,1)"
2013-01-07,0.0008272394980010923,SPY,"ARIMA(1,0,1)"
2013-01-08,0.0004679497492169005,SPY,"ARIMA(1,0,1)"
2013-01-09,0.0003922364242751914,SPY,"ARIMA(1,0,1)"
2013-01-10,0.0006856349395633858,SPY,"ARIMA(1,0,1)"
2013-01-11,0.0010280044185219427,SPY,"ARIMA(1,0,1)"
2013-01-14,0.0006157638108473945,SPY,"ARIMA(1,0,1)"
2013-01-15,0.0005286765501833542,SPY,"ARIMA(1,0,1)"
2013-01-16,0.000583614980624228,SPY,"ARIMA(1,0,1)"
2013-01-17,0.0005728561377328967,SPY,"ARIMA(1,0,1)"
2013-01-18,0.0008959165139829623,SPY,"ARIMA(1,0,1)"
2013-01-22,0.0007161644840811719,SPY,"ARIMA(1,0,1)"
2013-01-23,0.0008400797831955884,SPY,"ARIMA(1,0,1)"
2013-01-24,0.0006746805881281367,SPY,"ARIMA(1,0,1)"
2013-01-25,0.000582983766578371,SPY,"ARIMA(1,0,1)"
2013-01-28,0.000879646341299955,SPY,"ARIMA(1,0,1)"
2013-01-29,0.0005044217892126362,SPY,"ARIMA(1,0,1)"
2013-01-30,0.0007767581343012506,SPY,"ARIMA(1,0,1)"
2013-01-31,0.0003948114935520392,SPY,"ARIMA(1,0,1)"
2013-02-01,0.00042250752065721393,SPY,"ARIMA(1,0,1)"
2013-02-04,0.0011183863856946115,SPY,"ARIMA(1,0,1)"
2013-02-05,0.0001370310861218691,SPY,"ARIMA(1,0,1)"
2013-02-06,0.0008355542801246626,SPY,"ARIMA(1,0,1)"
2013-02-07,0.0006357693900981001,SPY,"ARIMA(1,0,1)"
2013-02-08,0.0005101229020965651,SPY,"ARIMA(1,0,1)"
2013-02-11,0.0007182090013769696,SPY,"ARIMA(1,0,1)"
2013-02-12,0.000573083290053241,SPY,"ARIMA(1,0,1)"
2013-02-13,0.0005911538155645737,SPY,"ARIMA(1,0,1)"
2013-02-14,0.0006045105383710656,SPY,"ARIMA(1,0,1)"
2013-02-15,0.0005789219528188532,SPY,"ARIMA(1,0,1)"
2013-02-19,0.0004873553409749726,SPY,"ARIMA(1,0,1)"
2013-02-20,0.0008589760400321825,SPY,"ARIMA(1,0,1)"
2013-02-21,0.00014931089753737975,SPY,"ARIMA(1,0,1)"
2013-02-22,8.278650516832032e-05,SPY,"ARIMA(1,0,1)"
2013-02-25,0.0007238197137699849,SPY,"ARIMA(1,0,1)"
2013-02-26,1.3317026293342498e-05,SPY,"ARIMA(1,0,1)"
2013-02-27,0.00035737030579827557,SPY,"ARIMA(1,0,1)"
2013-02-28,0.0007466523137746651,SPY,"ARIMA(1,0,1)"
2013-03-01,0.0005237380783539225,SPY,"ARIMA(1,0,1)"
2013-03-04,0.0005528658111450272,SPY,"ARIMA(1,0,1)"
2013-03-05,0.0006360970011344614,SPY,"ARIMA(1,0,1)"
2013-03-06,0.0007069896989744805,SPY,"ARIMA(1,0,1)"
2013-03-07,0.0006233500047689123,SPY,"ARIMA(1,0,1)"
2013-03-08,0.0006085775662294426,SPY,"ARIMA(1,0,1)"
2013-03-11,0.0007280825755940352,SPY,"ARIMA(1,0,1)"
2013-03-12,0.0007080042947264617,SPY,"ARIMA(1,0,1)"
2013-03-13,0.0005396222843387021,SPY,"ARIMA(1,0,1)"
2013-03-14,0.0005908740284935295,SPY,"ARIMA(1,0,1)"
2013-03-15,0.0007204797314337857,SPY,"ARIMA(1,0,1)"
2013-03-18,0.000494629169551771,SPY,"ARIMA(1,0,1)"
2013-03-19,0.0003575009717396968,SPY,"ARIMA(1,0,1)"
2013-03-20,0.0003901710887559964,SPY,"ARIMA(1,0,1)"
2013-03-21,0.0006492663002702224,SPY,"ARIMA(1,0,1)"
2013-03-22,0.0002757297861984572,SPY,"ARIMA(1,0,1)"
2013-03-25,0.0005866946295410934,SPY,"ARIMA(1,0,1)"
2013-03-26,0.0004489534537220382,SPY,"ARIMA(1,0,1)"
2013-03-27,0.0006208665277849442,SPY,"ARIMA(1,0,1)"
2013-03-28,0.0005710241079354953,SPY,"ARIMA(1,0,1)"
2013-04-01,0.000545410720417562,SPY,"ARIMA(1,0,1)"
2013-04-02,0.00048265527729698043,SPY,"ARIMA(1,0,1)"
2013-04-03,0.0005219250292885295,SPY,"ARIMA(1,0,1)"
2013-04-04,0.00048677139559741127,SPY,"ARIMA(1,0,1)"
2013-04-05,0.0004879606314719824,SPY,"ARIMA(1,0,1)"
2013-04-08,0.00044346889235324086,SPY,"ARIMA(1,0,1)"
2013-04-09,0.0004838702992654866,SPY,"ARIMA(1,0,1)"
2013-04-10,0.0005371011782357383,SPY,"ARIMA(1,0,1)"
2013-04-11,0.0005867173963481484,SPY,"ARIMA(1,0,1)"
2013-04-12,0.0006440886375701887,SPY,"ARIMA(1,0,1)"
2013-04-15,0.0007025601086472357,SPY,"ARIMA(1,0,1)"
2013-04-16,0.0005775918740466193,SPY,"ARIMA(1,0,1)"
2013-04-17,0.0005842072613814037,SPY,"ARIMA(1,0,1)"
2013-04-18,0.0005732342525317788,SPY,"ARIMA(1,0,1)"
2013-04-19,0.0005507863677805112,SPY,"ARIMA(1,0,1)"
2013-04-22,0.0005282036580670205,SPY,"ARIMA(1,0,1)"
2013-04-23,0.0005591233589626245,SPY,"ARIMA(1,0,1)"
2013-04-24,0.0006240279898434075,SPY,"ARIMA(1,0,1)"
2013-04-25,0.0006200430655078589,SPY,"ARIMA(1,0,1)"
2013-04-26,0.0006687189164008167,SPY,"ARIMA(1,0,1)"
2013-04-29,0.0006469404277194886,SPY,"ARIMA(1,0,1)"
2013-04-30,0.0006205080801822842,SPY,"ARIMA(1,0,1)"
2013-05-01,0.0006024000477491518,SPY,"ARIMA(1,0,1)"
2013-05-02,0.0005622836756329764,SPY,"ARIMA(1,0,1)"
2013-05-03,0.0006120328814047809,SPY,"ARIMA(1,0,1)"
2013-05-06,0.0006274333247661808,SPY,"ARIMA(1,0,1)"
2013-05-07,0.0006493835094697473,SPY,"ARIMA(1,0,1)"
2013-05-08,0.0006998063136400342,SPY,"ARIMA(1,0,1)"
2013-05-09,0.0007828085297820704,SPY,"ARIMA(1,0,1)"
2013-05-10,0.000768745728686237,SPY,"ARIMA(1,0,1)"
2013-05-13,0.000797242062478752,SPY,"ARIMA(1,0,1)"
2013-05-14,0.0008240138896994141,SPY,"ARIMA(1,0,1)"
2013-05-15,0.0008559901470041706,SPY,"ARIMA(1,0,1)"
2013-05-16,0.0008898929691789226,SPY,"ARIMA(1,0,1)"
2013-05-17,0.0009154261004389951,SPY,"ARIMA(1,0,1)"
2013-05-20,0.0016844206131314287,SPY,"ARIMA(1,0,1)"
2013-05-21,0.0005765011467895242,SPY,"ARIMA(1,0,1)"
2013-05-22,0.001056432690226335,SPY,"ARIMA(1,0,1)"
2013-05-23,0.001060905579352179,SPY,"ARIMA(1,0,1)"
2013-05-24,0.0009821819357440451,SPY,"ARIMA(1,0,1)"
2013-05-28,0.0010627088341921037,SPY,"ARIMA(1,0,1)"
2013-05-29,0.0009931853420211752,SPY,"ARIMA(1,0,1)"
2013-05-30,0.0009595713324343162,SPY,"ARIMA(1,0,1)"
2013-05-31,0.0008564771754288739,SPY,"ARIMA(1,0,1)"
2013-06-03,0.0015264392491747443,SPY,"ARIMA(1,0,1)"
2013-06-04,-0.00045546518182544495,SPY,"ARIMA(1,0,1)"
2013-06-05,0.0029939701810210214,SPY,"ARIMA(1,0,1)"
2013-06-06,0.0011526907536890934,SPY,"ARIMA(1,0,1)"
2013-06-07,0.00014229013787359014,SPY,"ARIMA(1,0,1)"
2013-06-10,0.0004643285777525029,SPY,"ARIMA(1,0,1)"
2013-06-11,0.0011173327296893627,SPY,"ARIMA(1,0,1)"
2013-06-12,0.0015158246882265446,SPY,"ARIMA(1,0,1)"
2013-06-13,0.0013445155884819991,SPY,"ARIMA(1,0,1)"
2013-06-14,0.0007446078307245911,SPY,"ARIMA(1,0,1)"
2013-06-17,0.0011016456203997381,SPY,"ARIMA(1,0,1)"
2013-06-18,0.0006107923660082816,SPY,"ARIMA(1,0,1)"
2013-06-19,0.00038247966046751523,SPY,"ARIMA(1,0,1)"
2013-06-20,0.001515859647695533,SPY,"ARIMA(1,0,1)"
2013-06-21,0.003994889795983914,SPY,"ARIMA(1,0,1)"
2013-06-24,0.0014986155501775966,SPY,"ARIMA(1,0,1)"
2013-06-25,0.0033605154239316946,SPY,"ARIMA(1,0,1)"
2013-06-26,0.0025606357578122573,SPY,"ARIMA(1,0,1)"
2013-06-27,0.0012071247130977132,SPY,"ARIMA(1,0,1)"
2013-06-28,0.0008945504226798792,SPY,"ARIMA(1,0,1)"
2013-07-01,0.0008583949616891712,SPY,"ARIMA(1,0,1)"
2013-07-02,0.0008459326143456042,SPY,"ARIMA(1,0,1)"
2013-07-03,0.0008536013234138619,SPY,"ARIMA(1,0,1)"
2013-07-05,0.0012699557117903082,SPY,"ARIMA(1,0,1)"
2013-07-08,0.0007463727942519872,SPY,"ARIMA(1,0,1)"
2013-07-09,0.0007156430279256026,SPY,"ARIMA(1,0,1)"
2013-07-10,0.0008305371329830857,SPY,"ARIMA(1,0,1)"
2013-07-11,0.0007681221428018938,SPY,"ARIMA(1,0,1)"
2013-07-12,0.0009302234930883451,SPY,"ARIMA(1,0,1)"
2013-07-15,0.0005281528187221387,SPY,"ARIMA(1,0,1)"
2013-07-16,-0.0002735461315398961,SPY,"ARIMA(1,0,1)"
2013-07-17,0.00022344783231422404,SPY,"ARIMA(1,0,1)"
2013-07-18,0.0005913084773405936,SPY,"ARIMA(1,0,1)"
2013-07-19,0.0005412867819056567,SPY,"ARIMA(1,0,1)"
2013-07-22,0.0007302990631788711,SPY,"ARIMA(1,0,1)"
2013-07-23,0.000684418240136301,SPY,"ARIMA(1,0,1)"
2013-07-24,0.0005081243029420529,SPY,"ARIMA(1,0,1)"
2013-07-25,0.0009872021270953932,SPY,"ARIMA(1,0,1)"
2013-07-26,0.001029139684171653,SPY,"ARIMA(1,0,1)"
2013-07-29,0.0010444769073259148,SPY,"ARIMA(1,0,1)"
2013-07-30,0.0012445732414517404,SPY,"ARIMA(1,0,1)"
2013-07-31,0.0010566867495601909,SPY,"ARIMA(1,0,1)"
2013-08-01,0.0009240241003559915,SPY,"ARIMA(1,0,1)"
2013-08-02,0.00030425069763406146,SPY,"ARIMA(1,0,1)"
2013-08-05,0.0007595225420780388,SPY,"ARIMA(1,0,1)"
2013-08-06,0.0010072510041910013,SPY,"ARIMA(1,0,1)"
2013-08-07,0.0012877084750104752,SPY,"ARIMA(1,0,1)"
2013-08-08,0.0011671647842901546,SPY,"ARIMA(1,0,1)"
2013-08-09,0.0008341601586484106,SPY,"ARIMA(1,0,1)"
2013-08-12,0.0010055455508322397,SPY,"ARIMA(1,0,1)"
2013-08-13,0.0009755411545962952,SPY,"ARIMA(1,0,1)"
2013-08-14,0.000773106142966927,SPY,"ARIMA(1,0,1)"
2013-08-15,0.0010855375573706194,SPY,"ARIMA(1,0,1)"
2013-08-16,0.0014542290188655277,SPY,"ARIMA(1,0,1)"
2013-08-19,0.0010182904621556617,SPY,"ARIMA(1,0,1)"
2013-08-20,0.0009940904721145245,SPY,"ARIMA(1,0,1)"
2013-08-21,0.0005962446334292925,SPY,"ARIMA(1,0,1)"
2013-08-22,0.000924026644489275,SPY,"ARIMA(1,0,1)"
2013-08-23,0.00040939488281127503,SPY,"ARIMA(1,0,1)"
2013-08-26,0.0005561362650828025,SPY,"ARIMA(1,0,1)"
2013-08-27,0.0008576030705392765,SPY,"ARIMA(1,0,1)"
2013-08-28,0.0013101310323191434,SPY,"ARIMA(1,0,1)"
2013-08-29,0.0007779653428573607,SPY,"ARIMA(1,0,1)"
2013-08-30,0.0006829675252620466,SPY,"ARIMA(1,0,1)"
2013-09-03,0.0007994325573197604,SPY,"ARIMA(1,0,1)"
2013-09-04,0.0005749920266426437,SPY,"ARIMA(1,0,1)"
2013-09-05,0.00045887713285748543,SPY,"ARIMA(1,0,1)"
2013-09-06,0.000636342158328587,SPY,"ARIMA(1,0,1)"
2013-09-09,0.0007112412689494457,SPY,"ARIMA(1,0,1)"
2013-09-10,0.0004587319507864653,SPY,"ARIMA(1,0,1)"
2013-09-11,0.00044987897801206274,SPY,"ARIMA(1,0,1)"
2013-09-12,0.0005919522212506512,SPY,"ARIMA(1,0,1)"
2013-09-13,0.0008173245774075092,SPY,"ARIMA(1,0,1)"
2013-09-16,0.0006899071171942224,SPY,"ARIMA(1,0,1)"
2013-09-17,0.0005477101582153668,SPY,"ARIMA(1,0,1)"
2013-09-18,0.0005336066745324525,SPY,"ARIMA(1,0,1)"
2013-09-19,0.00036398447409326034,SPY,"ARIMA(1,0,1)"
2013-09-20,0.0007504098895406033,SPY,"ARIMA(1,0,1)"
2013-09-23,0.0009591619970726223,SPY,"ARIMA(1,0,1)"
2013-09-24,0.0008959761958144623,SPY,"ARIMA(1,0,1)"
2013-09-25,0.0008172229188185392,SPY,"ARIMA(1,0,1)"
2013-09-26,0.0008265988050584691,SPY,"ARIMA(1,0,1)"
2013-09-27,0.0006099343244975816,SPY,"ARIMA(1,0,1)"
2013-09-30,0.0008586679325044646,SPY,"ARIMA(1,0,1)"
2013-10-01,0.0008992491371650968,SPY,"ARIMA(1,0,1)"
2013-10-02,0.0005351965915228086,SPY,"ARIMA(1,0,1)"
2013-10-03,0.0007433535646174257,SPY,"ARIMA(1,0,1)"
2013-10-04,0.0009837813638404985,SPY,"ARIMA(1,0,1)"
2013-10-07,0.0005020954149619908,SPY,"ARIMA(1,0,1)"
2013-10-08,0.0010010123486730543,SPY,"ARIMA(1,0,1)"
2013-10-09,0.0009274576966648817,SPY,"ARIMA(1,0,1)"
2013-10-10,0.000533103837914189,SPY,"ARIMA(1,0,1)"
2013-10-11,-0.00014612012141221927,SPY,"ARIMA(1,0,1)"
2013-10-14,0.000451921848092343,SPY,"ARIMA(1,0,1)"
2013-10-15,0.0006756627419278342,SPY,"ARIMA(1,0,1)"
2013-10-16,0.0009849969499472837,SPY,"ARIMA(1,0,1)"
2013-10-17,0.0003133964188377341,SPY,"ARIMA(1,0,1)"
2013-10-18,0.0004965097903382992,SPY,"ARIMA(1,0,1)"
2013-10-21,0.00055473472444,SPY,"ARIMA(1,0,1)"
2013-10-22,0.0007683035420400315,SPY,"ARIMA(1,0,1)"
2013-10-23,0.0005403149519551431,SPY,"ARIMA(1,0,1)"
2013-10-24,0.0010726665556778968,SPY,"ARIMA(1,0,1)"
2013-10-25,0.000817835464435726,SPY,"ARIMA(1,0,1)"
2013-10-28,0.0007511566224948673,SPY,"ARIMA(1,0,1)"
2013-10-29,0.0008726311914265731,SPY,"ARIMA(1,0,1)"
2013-10-30,0.0007336775918702987,SPY,"ARIMA(1,0,1)"
2013-10-31,0.0011435546867072529,SPY,"ARIMA(1,0,1)"
2013-11-01,0.0011679435026397272,SPY,"ARIMA(1,0,1)"
2013-11-04,0.0009233620567102609,SPY,"ARIMA(1,0,1)"
2013-11-05,0.0009086769758900539,SPY,"ARIMA(1,0,1)"
2013-11-06,0.0011270739580516156,SPY,"ARIMA(1,0,1)"
2013-11-07,0.0008057355996573456,SPY,"ARIMA(1,0,1)"
2013-11-08,0.0019437170570864182,SPY,"ARIMA(1,0,1)"
2013-11-11,0.0006969913089844371,SPY,"ARIMA(1,0,1)"
2013-11-12,0.0009096494206149086,SPY,"ARIMA(1,0,1)"
2013-11-13,0.0012402204279058657,SPY,"ARIMA(1,0,1)"
2013-11-14,0.0005889430541101499,SPY,"ARIMA(1,0,1)"
2013-11-15,0.0006392656089754328,SPY,"ARIMA(1,0,1)"
2013-11-18,0.0007092768512604041,SPY,"ARIMA(1,0,1)"
2013-11-19,0.0013847615167096841,SPY,"ARIMA(1,0,1)"
2013-11-20,0.0014500035069789823,SPY,"ARIMA(1,0,1)"
2013-11-21,0.0016225888948022747,SPY,"ARIMA(1,0,1)"
2013-11-22,0.0006940606534067801,SPY,"ARIMA(1,0,1)"
2013-11-25,0.0005381598237634675,SPY,"ARIMA(1,0,1)"
2013-11-26,0.0009815372163639096,SPY,"ARIMA(1,0,1)"
2013-11-27,0.0011166843114250712,SPY,"ARIMA(1,0,1)"
2013-11-29,0.0009573692384567302,SPY,"ARIMA(1,0,1)"
2013-12-02,0.0011502854676346493,SPY,"ARIMA(1,0,1)"
2013-12-03,0.0014179376662652695,SPY,"ARIMA(1,0,1)"
2013-12-04,0.0016939040401672152,SPY,"ARIMA(1,0,1)"
2013-12-05,0.0014424099264072304,SPY,"ARIMA(1,0,1)"
2013-12-06,0.0016572308334282745,SPY,"ARIMA(1,0,1)"
2013-12-09,0.0004196543604277783,SPY,"ARIMA(1,0,1)"
2013-12-10,0.0006250111692955011,SPY,"ARIMA(1,0,1)"
2013-12-11,0.001260992174013073,SPY,"ARIMA(1,0,1)"
2013-12-12,0.002229709777030438,SPY,"ARIMA(1,0,1)"
2013-12-13,0.0017874558204526484,SPY,"ARIMA(1,0,1)"
2013-12-16,0.0014048182210205534,SPY,"ARIMA(1,0,1)"
2013-12-17,0.000676481744693229,SPY,"ARIMA(1,0,1)"
2013-12-18,0.0011716818568696876,SPY,"ARIMA(1,0,1)"
2013-12-19,-0.00027540129341576737,SPY,"ARIMA(1,0,1)"
2013-12-20,0.0006972070549197355,SPY,"ARIMA(1,0,1)"
2013-12-23,0.00048084187745504837,SPY,"ARIMA(1,0,1)"
2013-12-24,0.0004929187335241635,SPY,"ARIMA(1,0,1)"
2013-12-26,0.0007184503125377063,SPY,"ARIMA(1,0,1)"
2013-12-27,0.0007293972581618502,SPY,"ARIMA(1,0,1)"
2013-12-30,0.0012086851605520527,SPY,"ARIMA(1,0,1)"
2013-12-31,0.0012945174116517659,SPY,"ARIMA(1,0,1)"
2014-01-02,0.0007210951361914181,SPY,"ARIMA(1,0,1)"
2014-01-03,0.002098954074525291,SPY,"ARIMA(1,0,1)"
2014-01-06,0.001203499406682908,SPY,"ARIMA(1,0,1)"
2014-01-07,0.0013737866738867926,SPY,"ARIMA(1,0,1)"
2014-01-08,0.000433048486258488,SPY,"ARIMA(1,0,1)"
2014-01-09,0.001065089013073414,SPY,"ARIMA(1,0,1)"
2014-01-10,0.0010257783811597207,SPY,"ARIMA(1,0,1)"
2014-01-13,0.000776195273275854,SPY,"ARIMA(1,0,1)"
2014-01-14,0.0025203190679168076,SPY,"ARIMA(1,0,1)"
2014-01-15,-0.00021256050607091075,SPY,"ARIMA(1,0,1)"
2014-01-16,0.00037852477062034855,SPY,"ARIMA(1,0,1)"
2014-01-17,0.0011816267969598706,SPY,"ARIMA(1,0,1)"
2014-01-21,0.0015781717973588159,SPY,"ARIMA(1,0,1)"
2014-01-22,0.000775222095081788,SPY,"ARIMA(1,0,1)"
2014-01-23,0.0009275416826583509,SPY,"ARIMA(1,0,1)"
2014-01-24,0.001971986701627343,SPY,"ARIMA(1,0,1)"
2014-01-27,0.0032080570853605783,SPY,"ARIMA(1,0,1)"
2014-01-28,0.0014195635031727038,SPY,"ARIMA(1,0,1)"
2014-01-29,0.0004970948351877063,SPY,"ARIMA(1,0,1)"
2014-01-30,0.001631299937249477,SPY,"ARIMA(1,0,1)"
2014-01-31,-3.0746851078466064e-05,SPY,"ARIMA(1,0,1)"
2014-02-03,0.0012747262790359303,SPY,"ARIMA(1,0,1)"
2014-02-04,0.0024733039933911086,SPY,"ARIMA(1,0,1)"
2014-02-05,0.000674016729630962,SPY,"ARIMA(1,0,1)"
2014-02-06,0.0008067848964809243,SPY,"ARIMA(1,0,1)"
2014-02-07,-0.00029978657225860283,SPY,"ARIMA(1,0,1)"
2014-02-10,-0.00028612357196013073,SPY,"ARIMA(1,0,1)"
2014-02-11,0.000444026927807818,SPY,"ARIMA(1,0,1)"
2014-02-12,8.932022106993508e-05,SPY,"ARIMA(1,0,1)"
2014-02-13,0.0007530473038738288,SPY,"ARIMA(1,0,1)"
2014-02-14,0.0005198016488351129,SPY,"ARIMA(1,0,1)"
2014-02-18,0.0005318960239405611,SPY,"ARIMA(1,0,1)"
2014-02-19,0.0008099695432891078,SPY,"ARIMA(1,0,1)"
2014-02-20,0.0012438088958857745,SPY,"ARIMA(1,0,1)"
2014-02-21,0.0006093333318726466,SPY,"ARIMA(1,0,1)"
2014-02-24,0.0009383938773795672,SPY,"ARIMA(1,0,1)"
2014-02-25,0.0005749710310551414,SPY,"ARIMA(1,0,1)"
2014-02-26,0.0011297328058873439,SPY,"ARIMA(1,0,1)"
2014-02-27,0.0008692028844664703,SPY,"ARIMA(1,0,1)"
2014-02-28,0.0006793538366658261,SPY,"ARIMA(1,0,1)"
2014-03-03,0.0008894226427070737,SPY,"ARIMA(1,0,1)"
2014-03-04,0.0012825852617510821,SPY,"ARIMA(1,0,1)"
2014-03-05,-1.6914326125122927e-05,SPY,"ARIMA(1,0,1)"
2014-03-06,0.001029242363619495,SPY,"ARIMA(1,0,1)"
2014-03-07,0.0007268593329028845,SPY,"ARIMA(1,0,1)"
2014-03-10,0.0009106040627424458,SPY,"ARIMA(1,0,1)"
2014-03-11,0.0009039572304071473,SPY,"ARIMA(1,0,1)"
2014-03-12,0.0011291052382207077,SPY,"ARIMA(1,0,1)"
2014-03-13,0.0007524828136474457,SPY,"ARIMA(1,0,1)"
2014-03-14,0.0015164232004510865,SPY,"ARIMA(1,0,1)"
2014-03-17,0.0006050077208055701,SPY,"ARIMA(1,0,1)"
2014-03-18,0.00029548999875986725,SPY,"ARIMA(1,0,1)"
2014-03-19,0.0006402082512757067,SPY,"ARIMA(1,0,1)"
2014-03-20,0.0011371753918742943,SPY,"ARIMA(1,0,1)"
2014-03-21,0.00052609318923004,SPY,"ARIMA(1,0,1)"
2014-03-24,0.0010595161246377798,SPY,"ARIMA(1,0,1)"
2014-03-25,0.0010004957372866177,SPY,"ARIMA(1,0,1)"
2014-03-26,0.0006502566076881731,SPY,"ARIMA(1,0,1)"
2014-03-27,0.0011244901592677547,SPY,"ARIMA(1,0,1)"
2014-03-28,0.0008893300440202784,SPY,"ARIMA(1,0,1)"
2014-03-31,0.0006124784397721752,SPY,"ARIMA(1,0,1)"
2014-04-01,0.0004889963376781125,SPY,"ARIMA(1,0,1)"
2014-04-02,0.000486821234057538,SPY,"ARIMA(1,0,1)"
2014-04-03,0.0006547757125696346,SPY,"ARIMA(1,0,1)"
2014-04-04,0.0007869064098937307,SPY,"ARIMA(1,0,1)"
2014-04-07,0.001082255854250955,SPY,"ARIMA(1,0,1)"
2014-04-08,0.00113617098374795,SPY,"ARIMA(1,0,1)"
2014-04-09,0.0009854282011787666,SPY,"ARIMA(1,0,1)"
2014-04-10,0.0005202472169151594,SPY,"ARIMA(1,0,1)"
2014-04-11,0.0009886522533915686,SPY,"ARIMA(1,0,1)"
2014-04-14,0.0005117627186817915,SPY,"ARIMA(1,0,1)"
2014-04-15,0.0007518677658378467,SPY,"ARIMA(1,0,1)"
2014-04-16,0.0007632793684325056,SPY,"ARIMA(1,0,1)"
2014-04-17,0.0009238030067414725,SPY,"ARIMA(1,0,1)"
2014-04-21,0.0008362101934347235,SPY,"ARIMA(1,0,1)"
2014-04-22,0.0008376688346763219,SPY,"ARIMA(1,0,1)"
2014-04-23,0.0008518190415682786,SPY,"ARIMA(1,0,1)"
2014-04-24,0.0007264654896332911,SPY,"ARIMA(1,0,1)"
2014-04-25,0.0007824212791694138,SPY,"ARIMA(1,0,1)"
2014-04-28,0.0006294711599633191,SPY,"ARIMA(1,0,1)"
2014-04-29,0.0007523625709506647,SPY,"ARIMA(1,0,1)"
2014-04-30,0.0007941941092973803,SPY,"ARIMA(1,0,1)"
2014-05-01,0.0007574448088556074,SPY,"ARIMA(1,0,1)"
2014-05-02,0.000764510950339542,SPY,"ARIMA(1,0,1)"
2014-05-05,0.0007065425501765415,SPY,"ARIMA(1,0,1)"
2014-05-06,0.0006961967999481232,SPY,"ARIMA(1,0,1)"
2014-05-07,0.0005871069907785054,SPY,"ARIMA(1,0,1)"
2014-05-08,0.0006545777397183926,SPY,"ARIMA(1,0,1)"
2014-05-09,0.000625475823643626,SPY,"ARIMA(1,0,1)"
2014-05-12,0.000646167098413142,SPY,"ARIMA(1,0,1)"
2014-05-13,0.0006651452799588016,SPY,"ARIMA(1,0,1)"
2014-05-14,0.000673777818678239,SPY,"ARIMA(1,0,1)"
2014-05-15,0.0005966920962682613,SPY,"ARIMA(1,0,1)"
2014-05-16,0.0004542018937854055,SPY,"ARIMA(1,0,1)"
2014-05-19,0.0005757269545825304,SPY,"ARIMA(1,0,1)"
2014-05-20,0.0005888300106061397,SPY,"ARIMA(1,0,1)"
2014-05-21,0.000509687417500526,SPY,"ARIMA(1,0,1)"
2014-05-22,0.0005652307616056683,SPY,"ARIMA(1,0,1)"
2014-05-23,0.0006121586160840986,SPY,"ARIMA(1,0,1)"
2014-05-27,0.0006571701324570661,SPY,"ARIMA(1,0,1)"
2014-05-28,0.0007169052929150027,SPY,"ARIMA(1,0,1)"
2014-05-29,0.0006202270922460757,SPY,"ARIMA(1,0,1)"
2014-05-30,0.0007657692252938782,SPY,"ARIMA(1,0,1)"
2014-06-02,0.0006725563492077358,SPY,"ARIMA(1,0,1)"
2014-06-03,0.0007409650231918504,SPY,"ARIMA(1,0,1)"
2014-06-04,0.0006832454417368842,SPY,"ARIMA(1,0,1)"
2014-06-05,0.0007562297879043652,SPY,"ARIMA(1,0,1)"
2014-06-06,0.0009228530473572021,SPY,"ARIMA(1,0,1)"
2014-06-09,0.0008828544626009016,SPY,"ARIMA(1,0,1)"
2014-06-10,0.0007532941363347455,SPY,"ARIMA(1,0,1)"
2014-06-11,0.0007405236983219272,SPY,"ARIMA(1,0,1)"
2014-06-12,0.0006502855818286232,SPY,"ARIMA(1,0,1)"
2014-06-13,0.0005432188329293157,SPY,"ARIMA(1,0,1)"
2014-06-16,0.000860368672591701,SPY,"ARIMA(1,0,1)"
2014-06-17,0.000774329071067858,SPY,"ARIMA(1,0,1)"
2014-06-18,0.0007686031943069482,SPY,"ARIMA(1,0,1)"
2014-06-19,0.0008668302109160007,SPY,"ARIMA(1,0,1)"
2014-06-20,0.0007829919013844088,SPY,"ARIMA(1,0,1)"
2014-06-23,0.0009512312461647371,SPY,"ARIMA(1,0,1)"
2014-06-24,0.0008678796968237487,SPY,"ARIMA(1,0,1)"
2014-06-25,0.0007866056993844054,SPY,"ARIMA(1,0,1)"
2014-06-26,0.0010064177425658065,SPY,"ARIMA(1,0,1)"
2014-06-27,0.0008115774210331852,SPY,"ARIMA(1,0,1)"
2014-06-30,0.0008868203020124404,SPY,"ARIMA(1,0,1)"
2014-07-01,0.0008259017558575261,SPY,"ARIMA(1,0,1)"
2014-07-02,0.00100135366653878,SPY,"ARIMA(1,0,1)"
2014-07-03,0.0008696646503189319,SPY,"ARIMA(1,0,1)"
2014-07-07,0.0009563936482043698,SPY,"ARIMA(1,0,1)"
2014-07-08,0.0007856181821771283,SPY,"ARIMA(1,0,1)"
2014-07-09,0.0006563772002701585,SPY,"ARIMA(1,0,1)"
2014-07-10,0.0008163287293300739,SPY,"ARIMA(1,0,1)"
2014-07-11,0.0007036472166508746,SPY,"ARIMA(1,0,1)"
2014-07-14,0.000717387849523667,SPY,"ARIMA(1,0,1)"
2014-07-15,0.000797959471958632,SPY,"ARIMA(1,0,1)"
2014-07-16,0.0006747404965479312,SPY,"ARIMA(1,0,1)"
2014-07-17,0.0007727014092252707,SPY,"ARIMA(1,0,1)"
2014-07-18,0.0005914496777289197,SPY,"ARIMA(1,0,1)"
2014-07-21,0.0006829057540663874,SPY,"ARIMA(1,0,1)"
2014-07-22,0.0006906477634376084,SPY,"ARIMA(1,0,1)"
2014-07-23,0.0006734648289315754,SPY,"ARIMA(1,0,1)"
2014-07-24,0.0006872899468591656,SPY,"ARIMA(1,0,1)"
2014-07-25,0.0007146766644035574,SPY,"ARIMA(1,0,1)"
2014-07-28,0.0007289488444387767,SPY,"ARIMA(1,0,1)"
2014-07-29,0.0007200067116450419,SPY,"ARIMA(1,0,1)"
2014-07-30,0.0007406200738480309,SPY,"ARIMA(1,0,1)"
2014-07-31,0.0007327799895970287,SPY,"ARIMA(1,0,1)"
2014-08-01,0.0007788674678446635,SPY,"ARIMA(1,0,1)"
2014-08-04,0.0005447146107467267,SPY,"ARIMA(1,0,1)"
2014-08-05,0.0005676470166222314,SPY,"ARIMA(1,0,1)"
2014-08-06,0.0006282814497257905,SPY,"ARIMA(1,0,1)"
2014-08-07,0.0005790064590570834,SPY,"ARIMA(1,0,1)"
2014-08-08,0.0006121275861672439,SPY,"ARIMA(1,0,1)"
2014-08-11,0.0005561934452558121,SPY,"ARIMA(1,0,1)"
2014-08-12,0.0005764729429651067,SPY,"ARIMA(1,0,1)"
2014-08-13,0.0005975973653908,SPY,"ARIMA(1,0,1)"
2014-08-14,0.00046187910809012615,SPY,"ARIMA(1,0,1)"
2014-08-15,0.0005450423997760959,SPY,"ARIMA(1,0,1)"
2014-08-18,0.0006418863658817749,SPY,"ARIMA(1,0,1)"
2014-08-19,0.0005464530249364356,SPY,"ARIMA(1,0,1)"
2014-08-20,0.0007159267701047368,SPY,"ARIMA(1,0,1)"
2014-08-21,0.0007562486480930351,SPY,"ARIMA(1,0,1)"
2014-08-22,0.0007978247120843692,SPY,"ARIMA(1,0,1)"
2014-08-25,0.0008440104800673221,SPY,"ARIMA(1,0,1)"
2014-08-26,0.0007333214364957763,SPY,"ARIMA(1,0,1)"
2014-08-27,0.0008160223130956849,SPY,"ARIMA(1,0,1)"
2014-08-28,0.0009035223737732957,SPY,"ARIMA(1,0,1)"
2014-08-29,0.0008955252534658634,SPY,"ARIMA(1,0,1)"
2014-09-02,0.0008425016808794631,SPY,"ARIMA(1,0,1)"
2014-09-03,0.0009010833722412337,SPY,"ARIMA(1,0,1)"
2014-09-04,0.0008963004699027775,SPY,"ARIMA(1,0,1)"
2014-09-05,0.0008845762963993306,SPY,"ARIMA(1,0,1)"
2014-09-08,0.0007810915788953631,SPY,"ARIMA(1,0,1)"
2014-09-09,0.0008930145540633218,SPY,"ARIMA(1,0,1)"
2014-09-10,0.0009713456714924869,SPY,"ARIMA(1,0,1)"
2014-09-11,0.0007650812523151333,SPY,"ARIMA(1,0,1)"
2014-09-12,0.0007353913358858009,SPY,"ARIMA(1,0,1)"
2014-09-15,0.0009235693490270792,SPY,"ARIMA(1,0,1)"
2014-09-16,0.0008718359768255075,SPY,"ARIMA(1,0,1)"
2014-09-17,0.0005492900816010134,SPY,"ARIMA(1,0,1)"
2014-09-18,0.0006308265806457446,SPY,"ARIMA(1,0,1)"
2014-09-19,0.00048148490156559194,SPY,"ARIMA(1,0,1)"
2014-09-22,0.0006626513654219756,SPY,"ARIMA(1,0,1)"
2014-09-23,0.0010105454595924325,SPY,"ARIMA(1,0,1)"
2014-09-24,0.0010005546484034478,SPY,"ARIMA(1,0,1)"
2014-09-25,0.0006332048297354991,SPY,"ARIMA(1,0,1)"
2014-09-26,0.0014652988094191253,SPY,"ARIMA(1,0,1)"
2014-09-29,0.0005856059057977253,SPY,"ARIMA(1,0,1)"
2014-09-30,0.000819527257778849,SPY,"ARIMA(1,0,1)"
2014-10-01,0.0009317157445988489,SPY,"ARIMA(1,0,1)"
2014-10-02,0.0013899709267355832,SPY,"ARIMA(1,0,1)"
2014-10-03,0.0011142007570830385,SPY,"ARIMA(1,0,1)"
2014-10-06,0.0008111669597459836,SPY,"ARIMA(1,0,1)"
2014-10-07,0.0007490341844108776,SPY,"ARIMA(1,0,1)"
2014-10-08,0.0014721690241289074,SPY,"ARIMA(1,0,1)"
2014-10-09,-0.00034489115869599813,SPY,"ARIMA(1,0,1)"
2014-10-10,0.0030553215848256707,SPY,"ARIMA(1,0,1)"
2014-10-13,0.0018158833421200193,SPY,"ARIMA(1,0,1)"
2014-10-14,0.001500618006191368,SPY,"ARIMA(1,0,1)"
2014-10-15,0.00021396077750792576,SPY,"ARIMA(1,0,1)"
2014-10-16,0.001003621314637192,SPY,"ARIMA(1,0,1)"
2014-10-17,0.00043423812400234484,SPY,"ARIMA(1,0,1)"
2014-10-20,-0.00046401834505862606,SPY,"ARIMA(1,0,1)"
2014-10-21,-0.00015901788978962264,SPY,"ARIMA(1,0,1)"
2014-10-22,-0.0003329863240379146,SPY,"ARIMA(1,0,1)"
2014-10-23,0.0010954458640438595,SPY,"ARIMA(1,0,1)"
2014-10-24,-0.0003805731016228339,SPY,"ARIMA(1,0,1)"
2014-10-27,0.00017811604966644769,SPY,"ARIMA(1,0,1)"
2014-10-28,0.0006501942622251856,SPY,"ARIMA(1,0,1)"
2014-10-29,-0.0001279166892200332,SPY,"ARIMA(1,0,1)"
2014-10-30,0.0006948874728414637,SPY,"ARIMA(1,0,1)"
2014-10-31,0.00017955211866074657,SPY,"ARIMA(1,0,1)"
2014-11-03,-8.84721233091303e-06,SPY,"ARIMA(1,0,1)"
2014-11-04,0.0005794177929252547,SPY,"ARIMA(1,0,1)"
2014-11-05,0.0007842898675716961,SPY,"ARIMA(1,0,1)"
2014-11-06,0.0004271855773209912,SPY,"ARIMA(1,0,1)"
2014-11-07,0.0004083266126787867,SPY,"ARIMA(1,0,1)"
2014-11-10,0.0005922007142407486,SPY,"ARIMA(1,0,1)"
2014-11-11,0.0005190462332624536,SPY,"ARIMA(1,0,1)"
2014-11-12,0.0005736053124602569,SPY,"ARIMA(1,0,1)"
2014-11-13,0.0006834195977963438,SPY,"ARIMA(1,0,1)"
2014-11-14,0.000604475816469348,SPY,"ARIMA(1,0,1)"
2014-11-17,0.0006030082727370954,SPY,"ARIMA(1,0,1)"
2014-11-18,0.0005790429994883125,SPY,"ARIMA(1,0,1)"
2014-11-19,0.00041634919456550465,SPY,"ARIMA(1,0,1)"
2014-11-20,0.0006215089237366214,SPY,"ARIMA(1,0,1)"
2014-11-21,0.0005940139308357657,SPY,"ARIMA(1,0,1)"
2014-11-24,0.00040710673567643195,SPY,"ARIMA(1,0,1)"
2014-11-25,0.00043820381439821116,SPY,"ARIMA(1,0,1)"
2014-11-26,0.000600272632266351,SPY,"ARIMA(1,0,1)"
2014-11-28,0.0005384694352476765,SPY,"ARIMA(1,0,1)"
2014-12-01,0.0006891800362343575,SPY,"ARIMA(1,0,1)"
2014-12-02,0.0009336413452083753,SPY,"ARIMA(1,0,1)"
2014-12-03,0.00048713118401927965,SPY,"ARIMA(1,0,1)"
2014-12-04,0.0004843037271735675,SPY,"ARIMA(1,0,1)"
2014-12-05,0.0006441399411817382,SPY,"ARIMA(1,0,1)"
2014-12-08,0.0006334921249131503,SPY,"ARIMA(1,0,1)"
2014-12-09,0.0009158089345220007,SPY,"ARIMA(1,0,1)"
2014-12-10,0.0008280609361908461,SPY,"ARIMA(1,0,1)"
2014-12-11,0.0014562441985245176,SPY,"ARIMA(1,0,1)"
2014-12-12,0.0006903145554966167,SPY,"ARIMA(1,0,1)"
2014-12-15,0.001560748951501208,SPY,"ARIMA(1,0,1)"
2014-12-16,0.0015367745116785193,SPY,"ARIMA(1,0,1)"
2014-12-17,-0.0001317737376417178,SPY,"ARIMA(1,0,1)"
2014-12-18,-0.00014585669838520967,SPY,"ARIMA(1,0,1)"
2014-12-19,0.0005872431355029612,SPY,"ARIMA(1,0,1)"
2014-12-22,0.0006086766153202744,SPY,"ARIMA(1,0,1)"
2014-12-23,0.0006038885885773128,SPY,"ARIMA(1,0,1)"
2014-12-24,0.000588109300317069,SPY,"ARIMA(1,0,1)"
2014-12-26,0.000579796161305787,SPY,"ARIMA(1,0,1)"
2014-12-29,0.0005724234558416835,SPY,"ARIMA(1,0,1)"
2014-12-30,0.0005819341881838075,SPY,"ARIMA(1,0,1)"
2014-12-31,0.0005572575162321355,SPY,"ARIMA(1,0,1)"
2015-01-02,0.0004990984688972066,SPY,"ARIMA(1,0,1)"
2015-01-05,0.0005350524198702635,SPY,"ARIMA(1,0,1)"
2015-01-06,0.00046336632746516707,SPY,"ARIMA(1,0,1)"
2015-01-07,0.0004373185765234887,SPY,"ARIMA(1,0,1)"
2015-01-08,0.0004608907886952343,SPY,"ARIMA(1,0,1)"
2015-01-09,0.0005307316760212665,SPY,"ARIMA(1,0,1)"
2015-01-12,0.000496203306204367,SPY,"ARIMA(1,0,1)"
2015-01-13,0.00014081812678190455,SPY,"ARIMA(1,0,1)"
2015-01-14,0.00023069813864846694,SPY,"ARIMA(1,0,1)"
2015-01-15,-4.2567080142853916e-05,SPY,"ARIMA(1,0,1)"
2015-01-16,-0.00022034136903284913,SPY,"ARIMA(1,0,1)"
2015-01-20,0.00038641565694601043,SPY,"ARIMA(1,0,1)"
2015-01-21,0.0005357033707455343,SPY,"ARIMA(1,0,1)"
2015-01-22,0.0005078175623765917,SPY,"ARIMA(1,0,1)"
2015-01-23,0.0005167471587348729,SPY,"ARIMA(1,0,1)"
2015-01-26,0.0005274990411064485,SPY,"ARIMA(1,0,1)"
2015-01-27,0.0006231517841876575,SPY,"ARIMA(1,0,1)"
2015-01-28,0.0016657841910523712,SPY,"ARIMA(1,0,1)"
2015-01-29,0.0007224488395427073,SPY,"ARIMA(1,0,1)"
2015-01-30,0.00038801725894971914,SPY,"ARIMA(1,0,1)"
2015-02-02,9.51447023591316e-06,SPY,"ARIMA(1,0,1)"
2015-02-03,0.000645913764722107,SPY,"ARIMA(1,0,1)"
2015-02-04,0.0007177956533926308,SPY,"ARIMA(1,0,1)"
2015-02-05,0.0006748281376131449,SPY,"ARIMA(1,0,1)"
2015-02-06,0.0007198237832475907,SPY,"ARIMA(1,0,1)"
2015-02-09,0.0006556553120112223,SPY,"ARIMA(1,0,1)"
2015-02-10,0.000590471559843519,SPY,"ARIMA(1,0,1)"
2015-02-11,0.0006237354091255768,SPY,"ARIMA(1,0,1)"
2015-02-12,0.0005843749171791052,SPY,"ARIMA(1,0,1)"
2015-02-13,0.0006203706776228252,SPY,"ARIMA(1,0,1)"
2015-02-17,0.0006162374111975355,SPY,"ARIMA(1,0,1)"
2015-02-18,0.0006006365072780545,SPY,"ARIMA(1,0,1)"
2015-02-19,0.0005962725268423571,SPY,"ARIMA(1,0,1)"
2015-02-20,0.0006198116652620819,SPY,"ARIMA(1,0,1)"
2015-02-23,0.0006202237859526564,SPY,"ARIMA(1,0,1)"
2015-02-24,0.0006241777334070709,SPY,"ARIMA(1,0,1)"
2015-02-25,0.0006135001609758005,SPY,"ARIMA(1,0,1)"
2015-02-26,0.0006115956135737859,SPY,"ARIMA(1,0,1)"
2015-02-27,0.0006059386497100139,SPY,"ARIMA(1,0,1)"
2015-03-02,0.0005711184242337316,SPY,"ARIMA(1,0,1)"
2015-03-03,0.0005860591342467133,SPY,"ARIMA(1,0,1)"
2015-03-04,0.0006013124348328517,SPY,"ARIMA(1,0,1)"
2015-03-05,0.000526845750596408,SPY,"ARIMA(1,0,1)"
2015-03-06,0.0005276367404510932,SPY,"ARIMA(1,0,1)"
2015-03-09,0.00046234049355798853,SPY,"ARIMA(1,0,1)"
2015-03-10,0.00047832614124510193,SPY,"ARIMA(1,0,1)"
2015-03-11,0.00039834860762399065,SPY,"ARIMA(1,0,1)"
2015-03-12,0.00042424405286108134,SPY,"ARIMA(1,0,1)"
2015-03-13,0.00047303798957744325,SPY,"ARIMA(1,0,1)"
2015-03-16,0.00049522744884077,SPY,"ARIMA(1,0,1)"
2015-03-17,0.000540023758367622,SPY,"ARIMA(1,0,1)"
2015-03-18,0.00047955724457575085,SPY,"ARIMA(1,0,1)"
2015-03-19,0.00033577137258855084,SPY,"ARIMA(1,0,1)"
2015-03-20,0.0005501578764178661,SPY,"ARIMA(1,0,1)"
2015-03-23,0.00037484758611581613,SPY,"ARIMA(1,0,1)"
2015-03-24,0.0005785945881712763,SPY,"ARIMA(1,0,1)"
2015-03-25,0.0006841135072056399,SPY,"ARIMA(1,0,1)"
2015-03-26,0.000684507927886774,SPY,"ARIMA(1,0,1)"
2015-03-27,0.0005844653110197547,SPY,"ARIMA(1,0,1)"
2015-03-30,0.0005023681662430113,SPY,"ARIMA(1,0,1)"
2015-03-31,0.0003544844919871813,SPY,"ARIMA(1,0,1)"
2015-04-01,0.0006932680343850568,SPY,"ARIMA(1,0,1)"
2015-04-02,0.0005198273705347875,SPY,"ARIMA(1,0,1)"
2015-04-06,0.00033806532872642425,SPY,"ARIMA(1,0,1)"
2015-04-07,0.0002930751078712452,SPY,"ARIMA(1,0,1)"
2015-04-08,0.0005948980143352971,SPY,"ARIMA(1,0,1)"
2015-04-09,0.000490443058295231,SPY,"ARIMA(1,0,1)"
2015-04-10,0.0004143343754635959,SPY,"ARIMA(1,0,1)"
2015-04-13,0.0004271730767194472,SPY,"ARIMA(1,0,1)"
2015-04-14,0.0007674235812184299,SPY,"ARIMA(1,0,1)"
2015-04-15,0.0006064568467146572,SPY,"ARIMA(1,0,1)"
2015-04-16,0.00048218049346541607,SPY,"ARIMA(1,0,1)"
2015-04-17,0.0006351971760777939,SPY,"ARIMA(1,0,1)"
2015-04-20,0.0009760402735057945,SPY,"ARIMA(1,0,1)"
2015-04-21,0.00011403697924353639,SPY,"ARIMA(1,0,1)"
2015-04-22,0.0006412157613841465,SPY,"ARIMA(1,0,1)"
2015-04-23,0.00032185166187228274,SPY,"ARIMA(1,0,1)"
2015-04-24,0.0004769552045153988,SPY,"ARIMA(1,0,1)"
2015-04-27,0.00047784481755694863,SPY,"ARIMA(1,0,1)"
2015-04-28,0.0007806346686551734,SPY,"ARIMA(1,0,1)"
2015-04-29,0.00042772321453742035,SPY,"ARIMA(1,0,1)"
2015-04-30,0.0007568352547537862,SPY,"ARIMA(1,0,1)"
2015-05-01,0.0009258828371705571,SPY,"ARIMA(1,0,1)"
2015-05-04,-2.101766316081415e-05,SPY,"ARIMA(1,0,1)"
2015-05-05,0.00046128687511172456,SPY,"ARIMA(1,0,1)"
2015-05-06,0.001035283593302158,SPY,"ARIMA(1,0,1)"
2015-05-07,0.0007252461596928678,SPY,"ARIMA(1,0,1)"
2015-05-08,0.00034506299722605015,SPY,"ARIMA(1,0,1)"
2015-05-11,6.926129930635741e-05,SPY,"ARIMA(1,0,1)"
2015-05-12,0.0008343688427115242,SPY,"ARIMA(1,0,1)"
2015-05-13,0.0006257708770420195,SPY,"ARIMA(1,0,1)"
2015-05-14,0.00047398805780664023,SPY,"ARIMA(1,0,1)"
2015-05-15,8.813413473917904e-05,SPY,"ARIMA(1,0,1)"
2015-05-18,0.0006158778618668212,SPY,"ARIMA(1,0,1)"
2015-05-19,0.00046760461494200687,SPY,"ARIMA(1,0,1)"
2015-05-20,0.0006058873014002313,SPY,"ARIMA(1,0,1)"
2015-05-21,0.0006235808203780272,SPY,"ARIMA(1,0,1)"
2015-05-22,0.0004490419205584189,SPY,"ARIMA(1,0,1)"
2015-05-26,0.000678901897115392,SPY,"ARIMA(1,0,1)"
2015-05-27,0.0009056663511864773,SPY,"ARIMA(1,0,1)"
2015-05-28,-2.9891379962917455e-05,SPY,"ARIMA(1,0,1)"
2015-05-29,0.0006736100000003035,SPY,"ARIMA(1,0,1)"
2015-06-01,0.0007385373579592523,SPY,"ARIMA(1,0,1)"
2015-06-02,0.0003282696897289472,SPY,"ARIMA(1,0,1)"
2015-06-03,0.0005244223971528391,SPY,"ARIMA(1,0,1)"
2015-06-04,0.00032419588945590893,SPY,"ARIMA(1,0,1)"
2015-06-05,0.0008989232949067673,SPY,"ARIMA(1,0,1)"
2015-06-08,0.0003989448023574031,SPY,"ARIMA(1,0,1)"
2015-06-09,0.0006522499834892084,SPY,"ARIMA(1,0,1)"
2015-06-10,0.0003024163631901477,SPY,"ARIMA(1,0,1)"
2015-06-11,-0.0002028624042929818,SPY,"ARIMA(1,0,1)"
2015-06-12,0.0003658570680550613,SPY,"ARIMA(1,0,1)"
2015-06-15,0.0008088691910934551,SPY,"ARIMA(1,0,1)"
2015-06-16,0.0005079327704269725,SPY,"ARIMA(1,0,1)"
2015-06-17,0.00010203193022192866,SPY,"ARIMA(1,0,1)"
2015-06-18,0.00038631785509453447,SPY,"ARIMA(1,0,1)"
2015-06-19,-9.232046364182373e-05,SPY,"ARIMA(1,0,1)"
2015-06-22,0.0007785234293711837,SPY,"ARIMA(1,0,1)"
2015-06-23,1.9748063879697906e-05,SPY,"ARIMA(1,0,1)"
2015-06-24,0.0004736157148050301,SPY,"ARIMA(1,0,1)"
2015-06-25,0.0007616093312622473,SPY,"ARIMA(1,0,1)"
2015-06-26,0.00043027566876696003,SPY,"ARIMA(1,0,1)"
2015-06-29,0.0003638609374856664,SPY,"ARIMA(1,0,1)"
2015-06-30,0.0013143250054101106,SPY,"ARIMA(1,0,1)"
2015-07-01,5.8506689968935717e-05,SPY,"ARIMA(1,0,1)"
2015-07-02,-6.229691490139037e-05,SPY,"ARIMA(1,0,1)"
2015-07-06,0.0003803327844749615,SPY,"ARIMA(1,0,1)"
2015-07-07,0.00037586082621559176,SPY,"ARIMA(1,0,1)"
2015-07-08,-2.3046377470704632e-05,SPY,"ARIMA(1,0,1)"
2015-07-09,0.0012322381782340834,SPY,"ARIMA(1,0,1)"
2015-07-10,-2.07683952425647e-05,SPY,"ARIMA(1,0,1)"
2015-07-13,-0.00035999055391870553,SPY,"ARIMA(1,0,1)"
2015-07-14,-7.101145147439926e-05,SPY,"ARIMA(1,0,1)"
2015-07-15,0.00020582363815354877,SPY,"ARIMA(1,0,1)"
2015-07-16,0.00036395893391820693,SPY,"ARIMA(1,0,1)"
2015-07-17,0.00011853977723609815,SPY,"ARIMA(1,0,1)"
2015-07-20,0.00033137617862937115,SPY,"ARIMA(1,0,1)"
2015-07-21,0.0003491613591065184,SPY,"ARIMA(1,0,1)"
2015-07-22,0.00048478794407056183,SPY,"ARIMA(1,0,1)"
2015-07-23,0.0004118963140717772,SPY,"ARIMA(1,0,1)"
2015-07-24,0.0004875173701361729,SPY,"ARIMA(1,0,1)"
2015-07-27,0.0005971087817116679,SPY,"ARIMA(1,0,1)"
2015-07-28,0.0005512992274983879,SPY,"ARIMA(1,0,1)"
2015-07-29,0.00012448206636171764,SPY,"ARIMA(1,0,1)"
2015-07-30,0.00012291883145943355,SPY,"ARIMA(1,0,1)"
2015-07-31,0.00036583716714264916,SPY,"ARIMA(1,0,1)"
2015-08-03,0.0004528121667817001,SPY,"ARIMA(1,0,1)"
2015-08-04,0.0004822350081120463,SPY,"ARIMA(1,0,1)"
2015-08-05,0.00042929160711482043,SPY,"ARIMA(1,0,1)"
2015-08-06,0.00039851151188780373,SPY,"ARIMA(1,0,1)"
2015-08-07,0.0005405411820866706,SPY,"ARIMA(1,0,1)"
2015-08-10,0.0004847319968443932,SPY,"ARIMA(1,0,1)"
2015-08-11,0.00022214724224279252,SPY,"ARIMA(1,0,1)"
2015-08-12,0.0006099186415148849,SPY,"ARIMA(1,0,1)"
2015-08-13,0.0003594317569043092,SPY,"ARIMA(1,0,1)"
2015-08-14,0.0003886482603509695,SPY,"ARIMA(1,0,1)"
2015-08-17,0.00024091373705690787,SPY,"ARIMA(1,0,1)"
2015-08-18,0.00021310919878778306,SPY,"ARIMA(1,0,1)"
2015-08-19,0.0004246349316527267,SPY,"ARIMA(1,0,1)"
2015-08-20,0.0005041976436058594,SPY,"ARIMA(1,0,1)"
2015-08-21,0.0005058536914372953,SPY,"ARIMA(1,0,1)"
2015-08-24,0.0013629167938620623,SPY,"ARIMA(1,0,1)"
2015-08-25,-0.006372852394047236,SPY,"ARIMA(1,0,1)"
2015-08-26,-0.007144081090215124,SPY,"ARIMA(1,0,1)"
2015-08-27,0.003883392669321638,SPY,"ARIMA(1,0,1)"
2015-08-28,0.0029853384276374824,SPY,"ARIMA(1,0,1)"
2015-08-31,-0.0002810412980833319,SPY,"ARIMA(1,0,1)"
2015-09-01,-0.0010775333512595684,SPY,"ARIMA(1,0,1)"
2015-09-02,-0.004701987627312935,SPY,"ARIMA(1,0,1)"
2015-09-03,0.0021864851048677783,SPY,"ARIMA(1,0,1)"
2015-09-04,5.617929301255984e-05,SPY,"ARIMA(1,0,1)"
2015-09-08,-0.0018465939299758822,SPY,"ARIMA(1,0,1)"
2015-09-09,0.002654301239982699,SPY,"ARIMA(1,0,1)"
2015-09-10,-0.0011670346316623,SPY,"ARIMA(1,0,1)"
2015-09-11,0.0004106064258622353,SPY,"ARIMA(1,0,1)"
2015-09-14,0.00033586152964809986,SPY,"ARIMA(1,0,1)"
2015-09-15,-0.0002828222381244298,SPY,"ARIMA(1,0,1)"
2015-09-16,0.0009831864489226192,SPY,"ARIMA(1,0,1)"
2015-09-17,0.0006450343722473155,SPY,"ARIMA(1,0,1)"
2015-09-18,-0.00015986251096287123,SPY,"ARIMA(1,0,1)"
2015-09-21,-0.0012569255514877102,SPY,"ARIMA(1,0,1)"
2015-09-22,0.0003925786561568705,SPY,"ARIMA(1,0,1)"
2015-09-23,-0.0010535009844431851,SPY,"ARIMA(1,0,1)"
2015-09-24,-2.6652297493311898e-05,SPY,"ARIMA(1,0,1)"
2015-09-25,-0.0003581615895347046,SPY,"ARIMA(1,0,1)"
2015-09-28,5.9806104098985e-06,SPY,"ARIMA(1,0,1)"
2015-09-29,-0.0022165437123032273,SPY,"ARIMA(1,0,1)"
2015-09-30,0.00010768563211309893,SPY,"ARIMA(1,0,1)"
2015-10-01,0.001438584527758988,SPY,"ARIMA(1,0,1)"
2015-10-02,6.660334216763682e-05,SPY,"ARIMA(1,0,1)"
2015-10-05,0.0013076976936102949,SPY,"ARIMA(1,0,1)"
2015-10-06,0.0018304557641651278,SPY,"ARIMA(1,0,1)"
2015-10-07,-0.0007679822483304483,SPY,"ARIMA(1,0,1)"
2015-10-08,0.0011285169832770268,SPY,"ARIMA(1,0,1)"
2015-10-09,0.0008038996287722962,SPY,"ARIMA(1,0,1)"
2015-10-12,0.00012047464442657105,SPY,"ARIMA(1,0,1)"
2015-10-13,0.00040324241418956307,SPY,"ARIMA(1,0,1)"
2015-10-14,-0.0004026364166068136,SPY,"ARIMA(1,0,1)"
2015-10-15,-9.987814122468415e-05,SPY,"ARIMA(1,0,1)"
2015-10-16,0.002009219082202066,SPY,"ARIMA(1,0,1)"
2015-10-19,0.00033442819570559903,SPY,"ARIMA(1,0,1)"
2015-10-20,0.0003936466027395932,SPY,"ARIMA(1,0,1)"
2015-10-21,0.00013606964968850552,SPY,"ARIMA(1,0,1)"
2015-10-22,-0.0004155145322677348,SPY,"ARIMA(1,0,1)"
2015-10-23,0.0021540284412432525,SPY,"ARIMA(1,0,1)"
2015-10-26,0.0009741508017963654,SPY,"ARIMA(1,0,1)"
2015-10-27,-0.00018555032878342316,SPY,"ARIMA(1,0,1)"
2015-10-28,0.0001068177985645695,SPY,"ARIMA(1,0,1)"
2015-10-29,0.0014908226589716112,SPY,"ARIMA(1,0,1)"
2015-10-30,-0.00010513255548695198,SPY,"ARIMA(1,0,1)"
2015-11-02,-0.0001413847153351939,SPY,"ARIMA(1,0,1)"
2015-11-03,0.0015548602783352007,SPY,"ARIMA(1,0,1)"
2015-11-04,0.0001810800675036123,SPY,"ARIMA(1,0,1)"
2015-11-05,-6.438988342369068e-05,SPY,"ARIMA(1,0,1)"
2015-11-06,0.00018674833689183307,SPY,"ARIMA(1,0,1)"
2015-11-09,0.00014321226585671645,SPY,"ARIMA(1,0,1)"
2015-11-10,-0.0008162542681149494,SPY,"ARIMA(1,0,1)"
2015-11-11,0.000650553415804879,SPY,"ARIMA(1,0,1)"
2015-11-12,-0.00040645257433913584,SPY,"ARIMA(1,0,1)"
2015-11-13,-0.0012287874952692094,SPY,"ARIMA(1,0,1)"
2015-11-16,-0.0008049736919533362,SPY,"ARIMA(1,0,1)"
2015-11-17,0.0019145464304531096,SPY,"ARIMA(1,0,1)"
2015-11-18,-0.0005311717435948532,SPY,"ARIMA(1,0,1)"
2015-11-19,0.0018345649410493137,SPY,"ARIMA(1,0,1)"
2015-11-20,-0.0003283337728432088,SPY,"ARIMA(1,0,1)"
2015-11-23,0.0005937265216807693,SPY,"ARIMA(1,0,1)"
2015-11-24,-9.561802341531914e-05,SPY,"ARIMA(1,0,1)"
2015-11-25,0.00028336369642636907,SPY,"ARIMA(1,0,1)"
2015-11-27,6.0627412204238e-05,SPY,"ARIMA(1,0,1)"
2015-11-30,0.0002282621687352917,SPY,"ARIMA(1,0,1)"
2015-12-01,-0.00033891045843134724,SPY,"ARIMA(1,0,1)"
2015-12-02,0.0011590634092370812,SPY,"ARIMA(1,0,1)"
2015-12-03,-0.0010119484004116374,SPY,"ARIMA(1,0,1)"
2015-12-04,-0.0010896654459481379,SPY,"ARIMA(1,0,1)"
2015-12-07,0.002010479109009632,SPY,"ARIMA(1,0,1)"
2015-12-08,-0.0009120170962691255,SPY,"ARIMA(1,0,1)"
2015-12-09,-0.0001805899318271877,SPY,"ARIMA(1,0,1)"
2015-12-10,-0.0006202026934332002,SPY,"ARIMA(1,0,1)"
2015-12-11,0.0004930158962165031,SPY,"ARIMA(1,0,1)"
2015-12-14,-0.001733330355049629,SPY,"ARIMA(1,0,1)"
2015-12-15,0.001050985123554547,SPY,"ARIMA(1,0,1)"
2015-12-16,0.0008009956065510235,SPY,"ARIMA(1,0,1)"
2015-12-17,0.0011391749440414652,SPY,"ARIMA(1,0,1)"
2015-12-18,-0.0008874742012896465,SPY,"ARIMA(1,0,1)"
2015-12-21,-0.001099749568536489,SPY,"ARIMA(1,0,1)"
2015-12-22,0.0006288622917336197,SPY,"ARIMA(1,0,1)"
2015-12-23,0.000508129344764935,SPY,"ARIMA(1,0,1)"
2015-12-24,0.0008368519388816007,SPY,"ARIMA(1,0,1)"
2015-12-28,-0.0001329338197517205,SPY,"ARIMA(1,0,1)"
2015-12-29,-0.00011953476110418674,SPY,"ARIMA(1,0,1)"
2015-12-30,0.0007484964530906801,SPY,"ARIMA(1,0,1)"
2015-12-31,-0.00043773056727107565,SPY,"ARIMA(1,0,1)"
2016-01-04,-0.0005026306172793827,SPY,"ARIMA(1,0,1)"
2016-01-05,-0.0009562388527753041,SPY,"ARIMA(1,0,1)"
2016-01-06,0.00021807046217886474,SPY,"ARIMA(1,0,1)"
2016-01-07,-0.0007437478459831067,SPY,"ARIMA(1,0,1)"
2016-01-08,-0.0016367113284364314,SPY,"ARIMA(1,0,1)"
2016-01-11,-0.0005724081317942298,SPY,"ARIMA(1,0,1)"
2016-01-12,5.6482756226523085e-05,SPY,"ARIMA(1,0,1)"
2016-01-13,0.0005076186936123511,SPY,"ARIMA(1,0,1)"
2016-01-14,-0.002313174595182939,SPY,"ARIMA(1,0,1)"
2016-01-15,0.0011717361865144966,SPY,"ARIMA(1,0,1)"
2016-01-19,-0.001028707346195753,SPY,"ARIMA(1,0,1)"
2016-01-20,-0.00023654203972514758,SPY,"ARIMA(1,0,1)"
2016-01-21,-0.0003650725807776131,SPY,"ARIMA(1,0,1)"
2016-01-22,-0.00025507556728781504,SPY,"ARIMA(1,0,1)"
2016-01-25,0.0005973734170246949,SPY,"ARIMA(1,0,1)"
2016-01-26,-0.00044596027035091046,SPY,"ARIMA(1,0,1)"
2016-01-27,-8.086486081001739e-05,SPY,"ARIMA(1,0,1)"
2016-01-28,-0.00021855866792319659,SPY,"ARIMA(1,0,1)"
2016-01-29,-0.000952520973993398,SPY,"ARIMA(1,0,1)"
2016-02-01,0.0003294980903061634,SPY,"ARIMA(1,0,1)"
2016-02-02,0.00025362839196802194,SPY,"ARIMA(1,0,1)"
2016-02-03,0.00018990800773508978,SPY,"ARIMA(1,0,1)"
2016-02-04,-0.00018766264292728062,SPY,"ARIMA(1,0,1)"
2016-02-05,-0.0002382943181583623,SPY,"ARIMA(1,0,1)"
2016-02-08,-0.0005787784919100807,SPY,"ARIMA(1,0,1)"
2016-02-09,-0.0007792954568087106,SPY,"ARIMA(1,0,1)"
2016-02-10,-0.00037875144887650734,SPY,"ARIMA(1,0,1)"
2016-02-11,-0.0003855560057371423,SPY,"ARIMA(1,0,1)"
2016-02-12,-0.0007139498539899805,SPY,"ARIMA(1,0,1)"
2016-02-16,-0.00016186985529976534,SPY,"ARIMA(1,0,1)"
2016-02-17,0.00019908593942140297,SPY,"ARIMA(1,0,1)"
2016-02-18,0.00040582765781601215,SPY,"ARIMA(1,0,1)"
2016-02-19,-0.0003230684774163217,SPY,"ARIMA(1,0,1)"
2016-02-22,-0.0002889858329468831,SPY,"ARIMA(1,0,1)"
2016-02-23,0.00026752571614695056,SPY,"ARIMA(1,0,1)"
2016-02-24,-0.0005969522969051186,SPY,"ARIMA(1,0,1)"
2016-02-25,-0.00020004612710011743,SPY,"ARIMA(1,0,1)"
2016-02-26,0.0001172763862727612,SPY,"ARIMA(1,0,1)"
2016-02-29,-0.00029616399488640265,SPY,"ARIMA(1,0,1)"
2016-03-01,-0.00047437912704612935,SPY,"ARIMA(1,0,1)"
2016-03-02,0.0003368888909772197,SPY,"ARIMA(1,0,1)"
2016-03-03,-5.993087491517574e-05,SPY,"ARIMA(1,0,1)"
2016-03-04,-1.0364185008844464e-05,SPY,"ARIMA(1,0,1)"
2016-03-07,-2.292033565039202e-05,SPY,"ARIMA(1,0,1)"
2016-03-08,-3.841829272155956e-05,SPY,"ARIMA(1,0,1)"
2016-03-09,-0.00046728202596339925,SPY,"ARIMA(1,0,1)"
2016-03-10,0.00014996353141618122,SPY,"ARIMA(1,0,1)"
2016-03-11,-1.4963519835108074e-05,SPY,"ARIMA(1,0,1)"
2016-03-14,0.0006133968775689257,SPY,"ARIMA(1,0,1)"
2016-03-15,-0.00012051203183951765,SPY,"ARIMA(1,0,1)"
2016-03-16,-9.051288309438896e-05,SPY,"ARIMA(1,0,1)"
2016-03-17,0.0002502721077527855,SPY,"ARIMA(1,0,1)"
2016-03-18,0.00020048746897213538,SPY,"ARIMA(1,0,1)"
2016-03-21,0.00013393973900640015,SPY,"ARIMA(1,0,1)"
2016-03-22,4.372178931380395e-06,SPY,"ARIMA(1,0,1)"
2016-03-23,-5.29122706167301e-05,SPY,"ARIMA(1,0,1)"
2016-03-24,-0.0003060394295087452,SPY,"ARIMA(1,0,1)"
2016-03-28,8.671878257652612e-05,SPY,"ARIMA(1,0,1)"
2016-03-29,5.171709348689418e-05,SPY,"ARIMA(1,0,1)"
2016-03-30,0.0004906276296278573,SPY,"ARIMA(1,0,1)"
2016-03-31,0.0001271219082420192,SPY,"ARIMA(1,0,1)"
2016-04-01,-7.62663435632379e-05,SPY,"ARIMA(1,0,1)"
2016-04-04,0.00046140571464728565,SPY,"ARIMA(1,0,1)"
2016-04-05,-0.00018109926299621912,SPY,"ARIMA(1,0,1)"
2016-04-06,-0.0003853307236618182,SPY,"ARIMA(1,0,1)"
2016-04-07,0.0006244408247692983,SPY,"ARIMA(1,0,1)"
2016-04-08,-0.0005832142177743419,SPY,"ARIMA(1,0,1)"
2016-04-11,0.00023665905158305248,SPY,"ARIMA(1,0,1)"
2016-04-12,-0.000168743857142155,SPY,"ARIMA(1,0,1)"
2016-04-13,0.0003586237910347795,SPY,"ARIMA(1,0,1)"
2016-04-14,0.0003444276390812214,SPY,"ARIMA(1,0,1)"
2016-04-15,-3.601054619702894e-05,SPY,"ARIMA(1,0,1)"
2016-04-18,3.9705915760921535e-06,SPY,"ARIMA(1,0,1)"
2016-04-19,0.00040931529964272604,SPY,"ARIMA(1,0,1)"
2016-04-20,0.00012367265296528635,SPY,"ARIMA(1,0,1)"
2016-04-21,0.00011552807857925977,SPY,"ARIMA(1,0,1)"
2016-04-22,-0.0001924093785243167,SPY,"ARIMA(1,0,1)"
2016-04-25,0.00010817550022638016,SPY,"ARIMA(1,0,1)"
2016-04-26,-7.509119481368591e-05,SPY,"ARIMA(1,0,1)"
2016-04-27,0.00013276600039110542,SPY,"ARIMA(1,0,1)"
2016-04-28,0.00011230281545952976,SPY,"ARIMA(1,0,1)"
2016-04-29,-0.0004093776300016758,SPY,"ARIMA(1,0,1)"
2016-05-02,-0.00011069426958897974,SPY,"ARIMA(1,0,1)"
2016-05-03,0.0004158870920320436,SPY,"ARIMA(1,0,1)"
2016-05-04,-0.00048585823916005806,SPY,"ARIMA(1,0,1)"
2016-05-05,-6.333388906200084e-05,SPY,"ARIMA(1,0,1)"
2016-05-06,3.8884175325852045e-05,SPY,"ARIMA(1,0,1)"
2016-05-09,0.00017943739516688997,SPY,"ARIMA(1,0,1)"
2016-05-10,-4.3943984149546046e-05,SPY,"ARIMA(1,0,1)"
2016-05-11,0.000605578834313655,SPY,"ARIMA(1,0,1)"
2016-05-12,-0.0005217573093931585,SPY,"ARIMA(1,0,1)"
2016-05-13,0.00019950081639011293,SPY,"ARIMA(1,0,1)"
2016-05-16,-0.0004438737347307834,SPY,"ARIMA(1,0,1)"
2016-05-17,0.00039107507810768233,SPY,"ARIMA(1,0,1)"
2016-05-18,-0.0004318805078975842,SPY,"ARIMA(1,0,1)"
2016-05-19,-2.5554873176980813e-06,SPY,"ARIMA(1,0,1)"
2016-05-20,-0.00019527588289912633,SPY,"ARIMA(1,0,1)"
2016-05-23,0.00015187770919614953,SPY,"ARIMA(1,0,1)"
2016-05-24,-0.00014354625818928878,SPY,"ARIMA(1,0,1)"
2016-05-25,0.0004479071435183683,SPY,"ARIMA(1,0,1)"
2016-05-26,0.00020031180603868404,SPY,"ARIMA(1,0,1)"
2016-05-27,7.232653976545526e-06,SPY,"ARIMA(1,0,1)"
2016-05-31,0.00022194167725511762,SPY,"ARIMA(1,0,1)"
2016-06-01,-5.0720345798229876e-05,SPY,"ARIMA(1,0,1)"
2016-06-02,0.00015034459079067388,SPY,"ARIMA(1,0,1)"
2016-06-03,0.00015184880752925397,SPY,"ARIMA(1,0,1)"
2016-06-06,-4.174731975997209e-05,SPY,"ARIMA(1,0,1)"
2016-06-07,0.0003070036825526997,SPY,"ARIMA(1,0,1)"
2016-06-08,0.00015270626846431047,SPY,"ARIMA(1,0,1)"
2016-06-09,0.00026282139228625355,SPY,"ARIMA(1,0,1)"
2016-06-10,3.0841064683128616e-05,SPY,"ARIMA(1,0,1)"
2016-06-13,-0.00027526139739477676,SPY,"ARIMA(1,0,1)"
2016-06-14,-0.00016876754636286213,SPY,"ARIMA(1,0,1)"
2016-06-15,3.874444113489457e-05,SPY,"ARIMA(1,0,1)"
2016-06-16,-1.7015895100584384e-05,SPY,"ARIMA(1,0,1)"
2016-06-17,0.00017488555287714676,SPY,"ARIMA(1,0,1)"
2016-06-20,-0.0002017539523794626,SPY,"ARIMA(1,0,1)"
2016-06-21,0.00031892601006032115,SPY,"ARIMA(1,0,1)"
2016-06-22,5.354372245975119e-05,SPY,"ARIMA(1,0,1)"
2016-06-23,-6.663869434743717e-05,SPY,"ARIMA(1,0,1)"
2016-06-24,0.0005954423274730434,SPY,"ARIMA(1,0,1)"
2016-06-27,-0.0008046364449850229,SPY,"ARIMA(1,0,1)"
2016-06-28,-0.0005978290926149643,SPY,"ARIMA(1,0,1)"
2016-06-29,0.0006976408921654104,SPY,"ARIMA(1,0,1)"
2016-06-30,0.0007497417877625632,SPY,"ARIMA(1,0,1)"
2016-07-01,0.0007438733925743698,SPY,"ARIMA(1,0,1)"
2016-07-05,0.00017145588866899195,SPY,"ARIMA(1,0,1)"
2016-07-06,-0.0002966865214048712,SPY,"ARIMA(1,0,1)"
2016-07-07,0.0004425200540356258,SPY,"ARIMA(1,0,1)"
2016-07-08,9.586859407735573e-05,SPY,"ARIMA(1,0,1)"
2016-07-11,0.0009193893837317534,SPY,"ARIMA(1,0,1)"
2016-07-12,0.0003177359777114551,SPY,"ARIMA(1,0,1)"
2016-07-13,0.0005210616645001342,SPY,"ARIMA(1,0,1)"
2016-07-14,0.00013596989463977112,SPY,"ARIMA(1,0,1)"
2016-07-15,0.00044973207946124997,SPY,"ARIMA(1,0,1)"
2016-07-18,6.526831506918777e-05,SPY,"ARIMA(1,0,1)"
2016-07-19,0.00028031893977391314,SPY,"ARIMA(1,0,1)"
2016-07-20,8.88880327503384e-05,SPY,"ARIMA(1,0,1)"
2016-07-21,0.0003619836777036651,SPY,"ARIMA(1,0,1)"
2016-07-22,8.963539533558308e-06,SPY,"ARIMA(1,0,1)"
2016-07-25,0.00039111546558069757,SPY,"ARIMA(1,0,1)"
2016-07-26,0.00012296178983629713,SPY,"ARIMA(1,0,1)"
2016-07-27,0.00027533411058850495,SPY,"ARIMA(1,0,1)"
2016-07-28,0.00016472216536754609,SPY,"ARIMA(1,0,1)"
2016-07-29,0.00023233734810937964,SPY,"ARIMA(1,0,1)"
2016-08-01,0.00025775286168929927,SPY,"ARIMA(1,0,1)"
2016-08-02,0.00016110427891787642,SPY,"ARIMA(1,0,1)"
2016-08-03,-8.984036772784405e-05,SPY,"ARIMA(1,0,1)"
2016-08-04,0.0003132510848403775,SPY,"ARIMA(1,0,1)"
2016-08-05,0.00024288147517209202,SPY,"ARIMA(1,0,1)"
2016-08-08,0.0006321042378632171,SPY,"ARIMA(1,0,1)"
2016-08-09,0.00024416574171023334,SPY,"ARIMA(1,0,1)"
2016-08-10,0.00023949441655843708,SPY,"ARIMA(1,0,1)"
2016-08-11,0.0001227827600959975,SPY,"ARIMA(1,0,1)"
2016-08-12,0.00045842693168722255,SPY,"ARIMA(1,0,1)"
2016-08-15,0.00022137144406528494,SPY,"ARIMA(1,0,1)"
2016-08-16,0.0003775140234383353,SPY,"ARIMA(1,0,1)"
2016-08-17,9.054681463609512e-06,SPY,"ARIMA(1,0,1)"
2016-08-18,0.00025413264130990363,SPY,"ARIMA(1,0,1)"
2016-08-19,0.00022789842877185345,SPY,"ARIMA(1,0,1)"
2016-08-22,-0.000854780641517872,SPY,"ARIMA(1,0,1)"
2016-08-23,0.0006258202004899245,SPY,"ARIMA(1,0,1)"
2016-08-24,0.0005892576331423413,SPY,"ARIMA(1,0,1)"
2016-08-25,0.0010252927817690587,SPY,"ARIMA(1,0,1)"
2016-08-26,0.0008142439852514805,SPY,"ARIMA(1,0,1)"
2016-08-29,0.0007199430889623746,SPY,"ARIMA(1,0,1)"
2016-08-30,0.00016189192234696676,SPY,"ARIMA(1,0,1)"
2016-08-31,0.0006125770065873466,SPY,"ARIMA(1,0,1)"
2016-09-01,0.0008576386048960859,SPY,"ARIMA(1,0,1)"
2016-09-02,0.0006317946398458386,SPY,"ARIMA(1,0,1)"
2016-09-06,0.00041644258421943915,SPY,"ARIMA(1,0,1)"
2016-09-07,0.00043680919097926075,SPY,"ARIMA(1,0,1)"
2016-09-08,0.0004499771933215423,SPY,"ARIMA(1,0,1)"
2016-09-09,0.0006276250017486248,SPY,"ARIMA(1,0,1)"
2016-09-12,0.0013311515275896517,SPY,"ARIMA(1,0,1)"
2016-09-13,0.000540681393891926,SPY,"ARIMA(1,0,1)"
2016-09-14,0.0013641489938508687,SPY,"ARIMA(1,0,1)"
2016-09-15,0.0007457192172767467,SPY,"ARIMA(1,0,1)"
2016-09-16,-5.257594675612198e-05,SPY,"ARIMA(1,0,1)"
2016-09-19,0.00047038533483531765,SPY,"ARIMA(1,0,1)"
2016-09-20,0.0004893048251560044,SPY,"ARIMA(1,0,1)"
2016-09-21,0.0004675140366988815,SPY,"ARIMA(1,0,1)"
2016-09-22,-0.00014544457566230374,SPY,"ARIMA(1,0,1)"
2016-09-23,-0.00016513285071101814,SPY,"ARIMA(1,0,1)"
2016-09-26,0.000551135399641978,SPY,"ARIMA(1,0,1)"
2016-09-27,0.0010996394926208893,SPY,"ARIMA(1,0,1)"
2016-09-28,0.0005474406683461239,SPY,"ARIMA(1,0,1)"
2016-09-29,0.0003048742784157269,SPY,"ARIMA(1,0,1)"
2016-09-30,0.0010688636935539241,SPY,"ARIMA(1,0,1)"
2016-10-03,0.000269106131954559,SPY,"ARIMA(1,0,1)"
2016-10-04,0.000547609106973826,SPY,"ARIMA(1,0,1)"
2016-10-05,0.0009277420456420145,SPY,"ARIMA(1,0,1)"
2016-10-06,0.00040976901745630375,SPY,"ARIMA(1,0,1)"
2016-10-07,0.0003531669869247481,SPY,"ARIMA(1,0,1)"
2016-10-10,0.0006573198732873285,SPY,"ARIMA(1,0,1)"
2016-10-11,0.00011515718310239556,SPY,"ARIMA(1,0,1)"
2016-10-12,0.001365996556994882,SPY,"ARIMA(1,0,1)"
2016-10-13,0.0008937963655162898,SPY,"ARIMA(1,0,1)"
2016-10-14,0.0009161529516378047,SPY,"ARIMA(1,0,1)"
2016-10-17,0.0006343055629023139,SPY,"ARIMA(1,0,1)"
2016-10-18,0.0008095868431531976,SPY,"ARIMA(1,0,1)"
2016-10-19,7.409078874108142e-06,SPY,"ARIMA(1,0,1)"
2016-10-20,-0.00011384737787607042,SPY,"ARIMA(1,0,1)"
2016-10-21,0.0003022872422597742,SPY,"ARIMA(1,0,1)"
2016-10-24,0.00021218346707450677,SPY,"ARIMA(1,0,1)"
2016-10-25,-0.0002029472187266923,SPY,"ARIMA(1,0,1)"
2016-10-26,0.0003444448035027659,SPY,"ARIMA(1,0,1)"
2016-10-27,0.0005024828919467661,SPY,"ARIMA(1,0,1)"
2016-10-28,0.0005919912688119185,SPY,"ARIMA(1,0,1)"
2016-10-31,0.0007075516078518177,SPY,"ARIMA(1,0,1)"
2016-11-01,0.00047269280903652997,SPY,"ARIMA(1,0,1)"
2016-11-02,0.0009761014287784543,SPY,"ARIMA(1,0,1)"
2016-11-03,0.0011100316816237785,SPY,"ARIMA(1,0,1)"
2016-11-04,0.001056852498768584,SPY,"ARIMA(1,0,1)"
2016-11-07,0.000679357139321588,SPY,"ARIMA(1,0,1)"
2016-11-08,-0.0014155343629591098,SPY,"ARIMA(1,0,1)"
2016-11-09,-0.0011012212553687202,SPY,"ARIMA(1,0,1)"
2016-11-10,-0.0016296593100074911,SPY,"ARIMA(1,0,1)"
2016-11-11,-0.0005062557026080868,SPY,"ARIMA(1,0,1)"
2016-11-14,0.00010724489047669763,SPY,"ARIMA(1,0,1)"
2016-11-15,8.178003162018812e-05,SPY,"ARIMA(1,0,1)"
2016-11-16,-0.00046731670243610923,SPY,"ARIMA(1,0,1)"
2016-11-17,2.0943161083660888e-05,SPY,"ARIMA(1,0,1)"
2016-11-18,-0.0002908120021676072,SPY,"ARIMA(1,0,1)"
2016-11-21,0.00017257684008757505,SPY,"ARIMA(1,0,1)"
2016-11-22,-0.0004056169114983213,SPY,"ARIMA(1,0,1)"
2016-11-23,-0.00022140509654331353,SPY,"ARIMA(1,0,1)"
2016-11-25,-7.790712469871435e-06,SPY,"ARIMA(1,0,1)"
2016-11-28,-0.00013508602307337592,SPY,"ARIMA(1,0,1)"
2016-11-29,0.00044559861082288084,SPY,"ARIMA(1,0,1)"
2016-11-30,0.00026812092577068223,SPY,"ARIMA(1,0,1)"
2016-12-01,0.0004558413379744901,SPY,"ARIMA(1,0,1)"
2016-12-02,0.000662422433667867,SPY,"ARIMA(1,0,1)"
2016-12-05,0.0005470406398325736,SPY,"ARIMA(1,0,1)"
2016-12-06,-2.29296046564841e-05,SPY,"ARIMA(1,0,1)"
2016-12-07,-4.415908442877386e-05,SPY,"ARIMA(1,0,1)"
2016-12-08,-0.0006983860385831177,SPY,"ARIMA(1,0,1)"
2016-12-09,-0.00035973858566669886,SPY,"ARIMA(1,0,1)"
2016-12-12,-0.0002261288492735031,SPY,"ARIMA(1,0,1)"
2016-12-13,0.0003466494411441477,SPY,"ARIMA(1,0,1)"
2016-12-14,0.00015946061019870368,SPY,"ARIMA(1,0,1)"
2016-12-15,0.0011643002916657853,SPY,"ARIMA(1,0,1)"
2016-12-16,7.501813651465222e-05,SPY,"ARIMA(1,0,1)"
2016-12-19,0.0007984048118479491,SPY,"ARIMA(1,0,1)"
2016-12-20,0.00038231353610193336,SPY,"ARIMA(1,0,1)"
2016-12-21,0.00028653495666840304,SPY,"ARIMA(1,0,1)"
2016-12-22,0.0008114882617616605,SPY,"ARIMA(1,0,1)"
2016-12-23,0.0005630216637470743,SPY,"ARIMA(1,0,1)"
2016-12-27,0.0003526766335798032,SPY,"ARIMA(1,0,1)"
2016-12-28,0.0003271522550064194,SPY,"ARIMA(1,0,1)"
2016-12-29,0.0012398313176130516,SPY,"ARIMA(1,0,1)"
2016-12-30,0.00038311718529418227,SPY,"ARIMA(1,0,1)"
2017-01-03,0.000833633487471993,SPY,"ARIMA(1,0,1)"
2017-01-04,-0.0003148667335278638,SPY,"ARIMA(1,0,1)"
2017-01-05,-4.5776955663196775e-06,SPY,"ARIMA(1,0,1)"
2017-01-06,0.0006919504748944003,SPY,"ARIMA(1,0,1)"
2017-01-09,0.00032227446185533056,SPY,"ARIMA(1,0,1)"
2017-01-10,0.0012339181698548182,SPY,"ARIMA(1,0,1)"
2017-01-11,0.0008506810175875073,SPY,"ARIMA(1,0,1)"
2017-01-12,0.0005673092082311377,SPY,"ARIMA(1,0,1)"
2017-01-13,0.0010594812668466825,SPY,"ARIMA(1,0,1)"
2017-01-17,0.0007930286537530803,SPY,"ARIMA(1,0,1)"
2017-01-18,0.0012249261087642774,SPY,"ARIMA(1,0,1)"
2017-01-19,0.0008720566522634222,SPY,"ARIMA(1,0,1)"
2017-01-20,0.0012296497686951162,SPY,"ARIMA(1,0,1)"
2017-01-23,0.0009917314309431627,SPY,"ARIMA(1,0,1)"
2017-01-24,0.0010234281167263207,SPY,"ARIMA(1,0,1)"
2017-01-25,0.0006836381789081316,SPY,"ARIMA(1,0,1)"
2017-01-26,0.00027512823243268033,SPY,"ARIMA(1,0,1)"
2017-01-27,0.0005696953957440675,SPY,"ARIMA(1,0,1)"
2017-01-30,0.0009004005578676533,SPY,"ARIMA(1,0,1)"
2017-01-31,0.0010480376846237426,SPY,"ARIMA(1,0,1)"
2017-02-01,0.0009759286228574987,SPY,"ARIMA(1,0,1)"
2017-02-02,0.0010125249973536375,SPY,"ARIMA(1,0,1)"
2017-02-03,0.0009364851571882132,SPY,"ARIMA(1,0,1)"
2017-02-06,0.00037668324064849283,SPY,"ARIMA(1,0,1)"
2017-02-07,0.0008881165910044845,SPY,"ARIMA(1,0,1)"
2017-02-08,0.000988845135325415,SPY,"ARIMA(1,0,1)"
2017-02-09,0.0009278122550759333,SPY,"ARIMA(1,0,1)"
2017-02-10,0.0005379318214304641,SPY,"ARIMA(1,0,1)"
2017-02-13,0.0005331989157100377,SPY,"ARIMA(1,0,1)"
2017-02-14,0.0003293560058025309,SPY,"ARIMA(1,0,1)"
2017-02-15,0.0004107748752323325,SPY,"ARIMA(1,0,1)"
2017-02-16,0.0003491472382808337,SPY,"ARIMA(1,0,1)"
2017-02-17,0.0009351570202787769,SPY,"ARIMA(1,0,1)"
2017-02-21,0.0008277059017676015,SPY,"ARIMA(1,0,1)"
2017-02-22,0.0004293898575516709,SPY,"ARIMA(1,0,1)"
2017-02-23,0.001044968494916657,SPY,"ARIMA(1,0,1)"
2017-02-24,0.0008662103550319495,SPY,"ARIMA(1,0,1)"
2017-02-27,0.0008441152727671226,SPY,"ARIMA(1,0,1)"
2017-02-28,0.000796461555502993,SPY,"ARIMA(1,0,1)"
2017-03-01,0.0011862657148387751,SPY,"ARIMA(1,0,1)"
2017-03-02,-0.0003282063388298746,SPY,"ARIMA(1,0,1)"
2017-03-03,0.0019579055878079375,SPY,"ARIMA(1,0,1)"
2017-03-06,0.0003092174108217867,SPY,"ARIMA(1,0,1)"
2017-03-07,0.0014146832386330505,SPY,"ARIMA(1,0,1)"
2017-03-08,0.000571768370228517,SPY,"ARIMA(1,0,1)"
2017-03-09,0.0010022371432591582,SPY,"ARIMA(1,0,1)"
2017-03-10,0.000649338984731186,SPY,"ARIMA(1,0,1)"
2017-03-13,0.0006307760486719341,SPY,"ARIMA(1,0,1)"
2017-03-14,0.0007863288316088279,SPY,"ARIMA(1,0,1)"
2017-03-15,0.001022167134330757,SPY,"ARIMA(1,0,1)"
2017-03-16,-9.479162925907973e-05,SPY,"ARIMA(1,0,1)"
2017-03-17,0.0013386280580011943,SPY,"ARIMA(1,0,1)"
2017-03-20,0.0006627837300695172,SPY,"ARIMA(1,0,1)"
2017-03-21,0.0008342549902389143,SPY,"ARIMA(1,0,1)"
2017-03-22,0.00164187423229854,SPY,"ARIMA(1,0,1)"
2017-03-23,-5.4806188693830326e-05,SPY,"ARIMA(1,0,1)"
2017-03-24,0.0011382765058330698,SPY,"ARIMA(1,0,1)"
2017-03-27,0.000498806976397877,SPY,"ARIMA(1,0,1)"
2017-03-28,0.000848769931323667,SPY,"ARIMA(1,0,1)"
2017-03-29,-6.44601271050214e-05,SPY,"ARIMA(1,0,1)"
2017-03-30,0.0009130189979770589,SPY,"ARIMA(1,0,1)"
2017-03-31,0.0001257376384439275,SPY,"ARIMA(1,0,1)"
2017-04-03,0.001197189095030755,SPY,"ARIMA(1,0,1)"
2017-04-04,0.0003103309752944841,SPY,"ARIMA(1,0,1)"
2017-04-05,0.0009189441305925251,SPY,"ARIMA(1,0,1)"
2017-04-06,0.0006271970747239922,SPY,"ARIMA(1,0,1)"
2017-04-07,0.00039542038538483825,SPY,"ARIMA(1,0,1)"
2017-04-10,0.0009372014395983606,SPY,"ARIMA(1,0,1)"
2017-04-11,0.00045535174431506086,SPY,"ARIMA(1,0,1)"
2017-04-12,0.0008634049292751784,SPY,"ARIMA(1,0,1)"
2017-04-13,0.0006958859777671134,SPY,"ARIMA(1,0,1)"
2017-04-17,0.000879671497585909,SPY,"ARIMA(1,0,1)"
2017-04-18,-0.0003045782684424754,SPY,"ARIMA(1,0,1)"
2017-04-19,0.001357434481605847,SPY,"ARIMA(1,0,1)"
2017-04-20,0.00019826879898657051,SPY,"ARIMA(1,0,1)"
2017-04-21,-4.835191318089318e-06,SPY,"ARIMA(1,0,1)"
2017-04-24,0.0010953641123129217,SPY,"ARIMA(1,0,1)"
2017-04-25,-0.0006329027439546321,SPY,"ARIMA(1,0,1)"
2017-04-26,0.0008973480254589259,SPY,"ARIMA(1,0,1)"
2017-04-27,0.0005227702152607636,SPY,"ARIMA(1,0,1)"
2017-04-28,0.0006414660860369987,SPY,"ARIMA(1,0,1)"
2017-05-01,0.000736907123906092,SPY,"ARIMA(1,0,1)"
2017-05-02,0.0004759171337120477,SPY,"ARIMA(1,0,1)"
2017-05-03,0.0008119015156594058,SPY,"ARIMA(1,0,1)"
2017-05-04,0.0006595161207611349,SPY,"ARIMA(1,0,1)"
2017-05-05,0.0006420471056534744,SPY,"ARIMA(1,0,1)"
2017-05-08,0.00047232048243251,SPY,"ARIMA(1,0,1)"
2017-05-09,0.0008786186164445662,SPY,"ARIMA(1,0,1)"
2017-05-10,0.0005897390365443813,SPY,"ARIMA(1,0,1)"
2017-05-11,0.0005738369016477713,SPY,"ARIMA(1,0,1)"
2017-05-12,0.0008824139329141641,SPY,"ARIMA(1,0,1)"
2017-05-15,0.0006775657722553916,SPY,"ARIMA(1,0,1)"
2017-05-16,0.0004141433388948532,SPY,"ARIMA(1,0,1)"
2017-05-17,0.0008968032005943101,SPY,"ARIMA(1,0,1)"
2017-05-18,0.001658667033748403,SPY,"ARIMA(1,0,1)"
2017-05-19,0.0005707780385286157,SPY,"ARIMA(1,0,1)"
2017-05-22,0.0007336761281036345,SPY,"ARIMA(1,0,1)"
2017-05-23,0.0007742552038107944,SPY,"ARIMA(1,0,1)"
2017-05-24,0.0004386167831916482,SPY,"ARIMA(1,0,1)"
2017-05-25,0.00037638185857956634,SPY,"ARIMA(1,0,1)"
2017-05-26,0.0002034298060645353,SPY,"ARIMA(1,0,1)"
2017-05-30,0.0003482830113597414,SPY,"ARIMA(1,0,1)"
2017-05-31,0.0004613811354021248,SPY,"ARIMA(1,0,1)"
2017-06-01,0.000562417428530322,SPY,"ARIMA(1,0,1)"
2017-06-02,0.00015817388072815767,SPY,"ARIMA(1,0,1)"
2017-06-05,0.00010876659618917956,SPY,"ARIMA(1,0,1)"
2017-06-06,0.0001380008623268012,SPY,"ARIMA(1,0,1)"
2017-06-07,0.0006352226910014657,SPY,"ARIMA(1,0,1)"
2017-06-08,0.00020850838533357336,SPY,"ARIMA(1,0,1)"
2017-06-09,0.0003368962229057331,SPY,"ARIMA(1,0,1)"
2017-06-12,0.000662381359222212,SPY,"ARIMA(1,0,1)"
2017-06-13,0.0007040388070197907,SPY,"ARIMA(1,0,1)"
2017-06-14,0.00043768417383587997,SPY,"ARIMA(1,0,1)"
2017-06-15,0.0006063510465056015,SPY,"ARIMA(1,0,1)"
2017-06-16,0.0007008123493810649,SPY,"ARIMA(1,0,1)"
2017-06-19,0.0006544708629189886,SPY,"ARIMA(1,0,1)"
2017-06-20,0.00022969137898631083,SPY,"ARIMA(1,0,1)"
2017-06-21,0.0006785820076525474,SPY,"ARIMA(1,0,1)"
2017-06-22,0.0006829080113620432,SPY,"ARIMA(1,0,1)"
2017-06-23,0.0006884963209789722,SPY,"ARIMA(1,0,1)"
2017-06-26,0.0006214214113636233,SPY,"ARIMA(1,0,1)"
2017-06-27,0.000871056640071583,SPY,"ARIMA(1,0,1)"
2017-06-28,0.0020897829748888165,SPY,"ARIMA(1,0,1)"
2017-06-29,-0.0009772625503474122,SPY,"ARIMA(1,0,1)"
2017-06-30,0.0030122194211473553,SPY,"ARIMA(1,0,1)"
2017-07-03,-0.0003684866205105543,SPY,"ARIMA(1,0,1)"
2017-07-05,0.0008455127418713393,SPY,"ARIMA(1,0,1)"
2017-07-06,0.00040049517861233706,SPY,"ARIMA(1,0,1)"
2017-07-07,0.002428207533053268,SPY,"ARIMA(1,0,1)"
2017-07-10,-0.0008515389192623004,SPY,"ARIMA(1,0,1)"
2017-07-11,0.0008435332084793014,SPY,"ARIMA(1,0,1)"
2017-07-12,0.0007837373556308785,SPY,"ARIMA(1,0,1)"
2017-07-13,-0.000744370486854157,SPY,"ARIMA(1,0,1)"
2017-07-14,0.0006295377633954613,SPY,"ARIMA(1,0,1)"
2017-07-17,-0.00016944611847695163,SPY,"ARIMA(1,0,1)"
2017-07-18,0.000865779070949669,SPY,"ARIMA(1,0,1)"
2017-07-19,0.0005359352475609427,SPY,"ARIMA(1,0,1)"
2017-07-20,-0.00023968938532183907,SPY,"ARIMA(1,0,1)"
2017-07-21,0.0007706640027932303,SPY,"ARIMA(1,0,1)"
2017-07-24,0.0008279722939382678,SPY,"ARIMA(1,0,1)"
2017-07-25,0.000689170550487298,SPY,"ARIMA(1,0,1)"
2017-07-26,0.0002632193232434422,SPY,"ARIMA(1,0,1)"
2017-07-27,0.0007630423217524288,SPY,"ARIMA(1,0,1)"
2017-07-28,0.0008440085573833495,SPY,"ARIMA(1,0,1)"
2017-07-31,0.0008618687248594257,SPY,"ARIMA(1,0,1)"
2017-08-01,0.0007376153739270903,SPY,"ARIMA(1,0,1)"
2017-08-02,0.0002852967555161859,SPY,"ARIMA(1,0,1)"
2017-08-03,0.0006988924155845365,SPY,"ARIMA(1,0,1)"
2017-08-04,0.0010450155749746814,SPY,"ARIMA(1,0,1)"
2017-08-07,0.000316805613029425,SPY,"ARIMA(1,0,1)"
2017-08-08,0.00040035356286203757,SPY,"ARIMA(1,0,1)"
2017-08-09,0.0011392086490679449,SPY,"ARIMA(1,0,1)"
2017-08-10,0.0005955916668061504,SPY,"ARIMA(1,0,1)"
2017-08-11,0.0030758633293865075,SPY,"ARIMA(1,0,1)"
2017-08-14,-7.702166371769596e-05,SPY,"ARIMA(1,0,1)"
2017-08-15,-0.0009801575566924957,SPY,"ARIMA(1,0,1)"
2017-08-16,0.000820327811918962,SPY,"ARIMA(1,0,1)"
2017-08-17,0.00034365887927483463,SPY,"ARIMA(1,0,1)"
2017-08-18,0.003284106382269926,SPY,"ARIMA(1,0,1)"
2017-08-21,0.0004108448670795179,SPY,"ARIMA(1,0,1)"
2017-08-22,0.00046111525364745493,SPY,"ARIMA(1,0,1)"
2017-08-23,-0.001015801223732419,SPY,"ARIMA(1,0,1)"
2017-08-24,0.0013998608298236553,SPY,"ARIMA(1,0,1)"
2017-08-25,0.0008948901928387595,SPY,"ARIMA(1,0,1)"
2017-08-28,0.00021583626908785656,SPY,"ARIMA(1,0,1)"
2017-08-29,0.000663087525245494,SPY,"ARIMA(1,0,1)"
2017-08-30,0.0004202024982716789,SPY,"ARIMA(1,0,1)"
2017-08-31,-9.683876884623778e-05,SPY,"ARIMA(1,0,1)"
2017-09-01,-0.0001800927573358855,SPY,"ARIMA(1,0,1)"
2017-09-05,0.0005727664057932846,SPY,"ARIMA(1,0,1)"
2017-09-06,0.0017838686456633467,SPY,"ARIMA(1,0,1)"
2017-09-07,-3.665172314022561e-05,SPY,"ARIMA(1,0,1)"
2017-09-08,0.0007262225039481972,SPY,"ARIMA(1,0,1)"
2017-09-11,0.0008691274068143608,SPY,"ARIMA(1,0,1)"
2017-09-12,-0.0004508185056077168,SPY,"ARIMA(1,0,1)"
2017-09-13,0.0002936609628107081,SPY,"ARIMA(1,0,1)"
2017-09-14,0.0007403007119328525,SPY,"ARIMA(1,0,1)"
2017-09-15,0.0008192021352771354,SPY,"ARIMA(1,0,1)"
2017-09-18,0.0006059062888613524,SPY,"ARIMA(1,0,1)"
2017-09-19,0.0005550489714946513,SPY,"ARIMA(1,0,1)"
2017-09-20,0.0006728476005141094,SPY,"ARIMA(1,0,1)"
2017-09-21,0.0007419204714074183,SPY,"ARIMA(1,0,1)"
2017-09-22,0.0010326997588554704,SPY,"ARIMA(1,0,1)"
2017-09-25,0.0005863204124776148,SPY,"ARIMA(1,0,1)"
2017-09-26,0.0009675271724196596,SPY,"ARIMA(1,0,1)"
2017-09-27,0.0005425270504572149,SPY,"ARIMA(1,0,1)"
2017-09-28,0.0004158721014211319,SPY,"ARIMA(1,0,1)"
2017-09-29,0.0007100967713178578,SPY,"ARIMA(1,0,1)"
2017-10-02,0.00039963494466872535,SPY,"ARIMA(1,0,1)"
2017-10-03,0.0005450060357811206,SPY,"ARIMA(1,0,1)"
2017-10-04,0.0006724745484105492,SPY,"ARIMA(1,0,1)"
2017-10-05,0.0007196692157963386,SPY,"ARIMA(1,0,1)"
2017-10-06,0.00032186665652801465,SPY,"ARIMA(1,0,1)"
2017-10-09,0.0011058724835963255,SPY,"ARIMA(1,0,1)"
2017-10-10,0.0006072456997064032,SPY,"ARIMA(1,0,1)"
2017-10-11,0.0006125449758877791,SPY,"ARIMA(1,0,1)"
2017-10-12,0.0007915762933613469,SPY,"ARIMA(1,0,1)"
2017-10-13,0.0009405125273243627,SPY,"ARIMA(1,0,1)"
2017-10-16,0.0006722935426031923,SPY,"ARIMA(1,0,1)"
2017-10-17,0.0008294268725037594,SPY,"ARIMA(1,0,1)"
2017-10-18,0.0007919870967075088,SPY,"ARIMA(1,0,1)"
2017-10-19,0.0007880341229290714,SPY,"ARIMA(1,0,1)"
2017-10-20,0.0008157538296787519,SPY,"ARIMA(1,0,1)"
2017-10-23,0.0004724004724262162,SPY,"ARIMA(1,0,1)"
2017-10-24,0.0014008062680162321,SPY,"ARIMA(1,0,1)"
2017-10-25,0.00033116883351071277,SPY,"ARIMA(1,0,1)"
2017-10-26,0.0015764973872958198,SPY,"ARIMA(1,0,1)"
2017-10-27,0.0002592172322654501,SPY,"ARIMA(1,0,1)"
2017-10-30,0.000367222385086511,SPY,"ARIMA(1,0,1)"
2017-10-31,0.001542890338270709,SPY,"ARIMA(1,0,1)"
2017-11-01,0.0005957052501702695,SPY,"ARIMA(1,0,1)"
2017-11-02,0.0008318020159733694,SPY,"ARIMA(1,0,1)"
2017-11-03,0.0009395637512076029,SPY,"ARIMA(1,0,1)"
2017-11-06,0.0005891000453534217,SPY,"ARIMA(1,0,1)"
2017-11-07,0.0008185372894270856,SPY,"ARIMA(1,0,1)"
2017-11-08,0.0010514163465663372,SPY,"ARIMA(1,0,1)"
2017-11-09,0.000720375947899127,SPY,"ARIMA(1,0,1)"
2017-11-10,0.0014472779169714982,SPY,"ARIMA(1,0,1)"
2017-11-13,0.0009798485191219316,SPY,"ARIMA(1,0,1)"
2017-11-14,0.0007705403482813396,SPY,"ARIMA(1,0,1)"
2017-11-15,0.001225333021541567,SPY,"ARIMA(1,0,1)"
2017-11-16,0.0015812230057313473,SPY,"ARIMA(1,0,1)"
2017-11-17,-0.00020293906477013778,SPY,"ARIMA(1,0,1)"
2017-11-20,0.001114784024664958,SPY,"ARIMA(1,0,1)"
2017-11-21,0.000652398250375346,SPY,"ARIMA(1,0,1)"
2017-11-22,-0.00018082563623123612,SPY,"ARIMA(1,0,1)"
2017-11-24,0.0007892000808621477,SPY,"ARIMA(1,0,1)"
2017-11-27,0.0005044945586696594,SPY,"ARIMA(1,0,1)"
2017-11-28,0.0008543632391694625,SPY,"ARIMA(1,0,1)"
2017-11-29,-0.0006737417207355642,SPY,"ARIMA(1,0,1)"
2017-11-30,0.0006977368216653648,SPY,"ARIMA(1,0,1)"
2017-12-01,-0.0004307988335130996,SPY,"ARIMA(1,0,1)"
2017-12-04,0.0012521185171044903,SPY,"ARIMA(1,0,1)"
2017-12-05,0.0011939733179147302,SPY,"ARIMA(1,0,1)"
2017-12-06,0.0016289970556942368,SPY,"ARIMA(1,0,1)"
2017-12-07,0.0010928086464437933,SPY,"ARIMA(1,0,1)"
2017-12-08,0.00037345628256492625,SPY,"ARIMA(1,0,1)"
2017-12-11,-0.00023943285187095825,SPY,"ARIMA(1,0,1)"
2017-12-12,1.937793638018021e-05,SPY,"ARIMA(1,0,1)"
2017-12-13,0.00029549881307503633,SPY,"ARIMA(1,0,1)"
2017-12-14,0.0006440942001394383,SPY,"ARIMA(1,0,1)"
2017-12-15,0.0014569176495982349,SPY,"ARIMA(1,0,1)"
2017-12-18,-0.00020661829816886882,SPY,"ARIMA(1,0,1)"
2017-12-19,-0.0005222409503904191,SPY,"ARIMA(1,0,1)"
2017-12-20,0.0008172976276868975,SPY,"ARIMA(1,0,1)"
2017-12-21,0.0009617182996242566,SPY,"ARIMA(1,0,1)"
2017-12-22,0.0006596031174812938,SPY,"ARIMA(1,0,1)"
2017-12-26,0.0008757917984202003,SPY,"ARIMA(1,0,1)"
2017-12-27,0.0011256529144152779,SPY,"ARIMA(1,0,1)"
2017-12-28,0.0010038820269891728,SPY,"ARIMA(1,0,1)"
2017-12-29,0.0006929324525321526,SPY,"ARIMA(1,0,1)"
2018-01-02,0.0014855914204780457,SPY,"ARIMA(1,0,1)"
2018-01-03,5.1513968003075476e-05,SPY,"ARIMA(1,0,1)"
2018-01-04,-0.0004860987928224993,SPY,"ARIMA(1,0,1)"
2018-01-05,-0.00036912919233308646,SPY,"ARIMA(1,0,1)"
2018-01-08,-0.0005247452292130155,SPY,"ARIMA(1,0,1)"
2018-01-09,0.00011866787631739726,SPY,"ARIMA(1,0,1)"
2018-01-10,0.0003498050251755891,SPY,"ARIMA(1,0,1)"
2018-01-11,0.0009512616836498621,SPY,"ARIMA(1,0,1)"
2018-01-12,-4.0832870217682505e-05,SPY,"ARIMA(1,0,1)"
2018-01-16,-0.0002815518473349687,SPY,"ARIMA(1,0,1)"
2018-01-17,0.000838899592115879,SPY,"ARIMA(1,0,1)"
2018-01-18,-0.0002647931603438269,SPY,"ARIMA(1,0,1)"
2018-01-19,0.0007861059343362008,SPY,"ARIMA(1,0,1)"
2018-01-22,0.00038125701951278535,SPY,"ARIMA(1,0,1)"
2018-01-23,-0.000298950340818734,SPY,"ARIMA(1,0,1)"
2018-01-24,0.000392151734156846,SPY,"ARIMA(1,0,1)"
2018-01-25,0.0009494910534295893,SPY,"ARIMA(1,0,1)"
2018-01-26,0.0009838060868669147,SPY,"ARIMA(1,0,1)"
2018-01-29,-0.0006149895392212444,SPY,"ARIMA(1,0,1)"
2018-01-30,0.0016560593176539085,SPY,"ARIMA(1,0,1)"
2018-01-31,0.0028013377219494253,SPY,"ARIMA(1,0,1)"
2018-02-01,0.0017666795659836447,SPY,"ARIMA(1,0,1)"
2018-02-02,0.0014999877858891133,SPY,"ARIMA(1,0,1)"
2018-02-05,0.0037470707925852296,SPY,"ARIMA(1,0,1)"
2018-02-06,-0.0017234205212368018,SPY,"ARIMA(1,0,1)"
2018-02-07,-0.0007318809816725119,SPY,"ARIMA(1,0,1)"
2018-02-08,0.0010818090587032688,SPY,"ARIMA(1,0,1)"
2018-02-09,0.0005370933091700355,SPY,"ARIMA(1,0,1)"
2018-02-12,0.0005714182835306356,SPY,"ARIMA(1,0,1)"
2018-02-13,0.0007691562285059612,SPY,"ARIMA(1,0,1)"
2018-02-14,0.0004143218999758413,SPY,"ARIMA(1,0,1)"
2018-02-15,0.00018987097177455402,SPY,"ARIMA(1,0,1)"
2018-02-16,0.0006691788136513547,SPY,"ARIMA(1,0,1)"
2018-02-20,0.0006737699546786716,SPY,"ARIMA(1,0,1)"
2018-02-21,0.0006426393855434101,SPY,"ARIMA(1,0,1)"
2018-02-22,0.000599530722363506,SPY,"ARIMA(1,0,1)"
2018-02-23,0.0006079278150086891,SPY,"ARIMA(1,0,1)"
2018-02-26,0.0009437474237284844,SPY,"ARIMA(1,0,1)"
2018-02-27,0.0007094169673580046,SPY,"ARIMA(1,0,1)"
2018-02-28,0.0006331092267623656,SPY,"ARIMA(1,0,1)"
2018-03-01,0.0005551383428343621,SPY,"ARIMA(1,0,1)"
2018-03-02,0.0005097391687025843,SPY,"ARIMA(1,0,1)"
2018-03-05,0.0007365500088723188,SPY,"ARIMA(1,0,1)"
2018-03-06,0.0004364893278731713,SPY,"ARIMA(1,0,1)"
2018-03-07,0.0008455857033443781,SPY,"ARIMA(1,0,1)"
2018-03-08,0.00039530785457899493,SPY,"ARIMA(1,0,1)"
2018-03-09,0.0010273543495873528,SPY,"ARIMA(1,0,1)"
2018-03-12,0.0009757086803008259,SPY,"ARIMA(1,0,1)"
2018-03-13,0.00038810430901825945,SPY,"ARIMA(1,0,1)"
2018-03-14,0.0006778691160888945,SPY,"ARIMA(1,0,1)"
2018-03-15,0.00036424562775829534,SPY,"ARIMA(1,0,1)"
2018-03-16,0.0008156540474328869,SPY,"ARIMA(1,0,1)"
2018-03-19,0.0005057519117947116,SPY,"ARIMA(1,0,1)"
2018-03-20,1.2650081002371812e-05,SPY,"ARIMA(1,0,1)"
2018-03-21,0.0011672943933958343,SPY,"ARIMA(1,0,1)"
2018-03-22,1.0491353928973428e-06,SPY,"ARIMA(1,0,1)"
2018-03-23,0.0005402062166083796,SPY,"ARIMA(1,0,1)"
2018-03-26,-0.0013723007571594548,SPY,"ARIMA(1,0,1)"
2018-03-27,0.0025754745682514055,SPY,"ARIMA(1,0,1)"
2018-03-28,-0.0005181991426074611,SPY,"ARIMA(1,0,1)"
2018-03-29,0.0013716413965343928,SPY,"ARIMA(1,0,1)"
2018-04-02,-0.00019887279067296027,SPY,"ARIMA(1,0,1)"
2018-04-03,0.0004242344023814535,SPY,"ARIMA(1,0,1)"
2018-04-04,-7.30847737314981e-05,SPY,"ARIMA(1,0,1)"
2018-04-05,0.0005753378453851194,SPY,"ARIMA(1,0,1)"
2018-04-06,0.00047817488996602703,SPY,"ARIMA(1,0,1)"
2018-04-09,-0.0036946572931824424,SPY,"ARIMA(1,0,1)"
2018-04-10,-0.0002632216184300802,SPY,"ARIMA(1,0,1)"
2018-04-11,-0.0014576588760309176,SPY,"ARIMA(1,0,1)"
2018-04-12,0.0014908568566406482,SPY,"ARIMA(1,0,1)"
2018-04-13,0.0008976628508202434,SPY,"ARIMA(1,0,1)"
2018-04-16,-0.0003282787753884509,SPY,"ARIMA(1,0,1)"
2018-04-17,0.002684654283887764,SPY,"ARIMA(1,0,1)"
2018-04-18,0.00032714283781004453,SPY,"ARIMA(1,0,1)"
2018-04-19,0.000945927917008021,SPY,"ARIMA(1,0,1)"
2018-04-20,-0.00022349290701143747,SPY,"ARIMA(1,0,1)"
2018-04-23,0.0002901796890388944,SPY,"ARIMA(1,0,1)"
2018-04-24,0.0007107952219334592,SPY,"ARIMA(1,0,1)"
2018-04-25,-0.001948450828225891,SPY,"ARIMA(1,0,1)"
2018-04-26,0.0030700301171941438,SPY,"ARIMA(1,0,1)"
2018-04-27,-0.00038691516217930833,SPY,"ARIMA(1,0,1)"
2018-04-30,0.001424954869240508,SPY,"ARIMA(1,0,1)"
2018-05-01,0.0006610512791667502,SPY,"ARIMA(1,0,1)"
2018-05-02,0.0003554629077371015,SPY,"ARIMA(1,0,1)"
2018-05-03,0.000714386873459152,SPY,"ARIMA(1,0,1)"
2018-05-04,0.003093819505264748,SPY,"ARIMA(1,0,1)"
2018-05-07,0.0017834338450106986,SPY,"ARIMA(1,0,1)"
2018-05-08,0.0005666609490822906,SPY,"ARIMA(1,0,1)"
2018-05-09,-0.0004835170064448718,SPY,"ARIMA(1,0,1)"
2018-05-10,0.002941853362920463,SPY,"ARIMA(1,0,1)"
2018-05-11,-0.00028644639706600745,SPY,"ARIMA(1,0,1)"
2018-05-14,0.0005871784562536595,SPY,"ARIMA(1,0,1)"
2018-05-15,-0.0005589571245789089,SPY,"ARIMA(1,0,1)"
2018-05-16,0.00041349907931874266,SPY,"ARIMA(1,0,1)"
2018-05-17,0.0020718757022106125,SPY,"ARIMA(1,0,1)"
2018-05-18,-0.00023004419926418945,SPY,"ARIMA(1,0,1)"
2018-05-21,0.0012254884969414852,SPY,"ARIMA(1,0,1)"
2018-05-22,0.0014162402130625208,SPY,"ARIMA(1,0,1)"
2018-05-23,-0.000715854431566501,SPY,"ARIMA(1,0,1)"
2018-05-24,0.0021542103478642436,SPY,"ARIMA(1,0,1)"
2018-05-25,-0.0013208311136676254,SPY,"ARIMA(1,0,1)"
2018-05-29,0.0018470967525639533,SPY,"ARIMA(1,0,1)"
2018-05-30,-0.0026319983769927313,SPY,"ARIMA(1,0,1)"
2018-05-31,0.005230919228343355,SPY,"ARIMA(1,0,1)"
2018-06-01,-0.0045594613089203,SPY,"ARIMA(1,0,1)"
2018-06-04,-0.00030753831201733417,SPY,"ARIMA(1,0,1)"
2018-06-05,-0.003986292565811102,SPY,"ARIMA(1,0,1)"
2018-06-06,0.004650495782430065,SPY,"ARIMA(1,0,1)"
2018-06-07,-0.002337983708703848,SPY,"ARIMA(1,0,1)"
2018-06-08,0.003157496850266203,SPY,"ARIMA(1,0,1)"
2018-06-11,-0.0015146126494413547,SPY,"ARIMA(1,0,1)"
2018-06-12,0.0026273921340211,SPY,"ARIMA(1,0,1)"
2018-06-13,-0.0011508521234161176,SPY,"ARIMA(1,0,1)"
2018-06-14,0.001724811317149795,SPY,"ARIMA(1,0,1)"
2018-06-15,-0.00022959309584368276,SPY,"ARIMA(1,0,1)"
2018-06-18,0.0011982327363681082,SPY,"ARIMA(1,0,1)"
2018-06-19,-0.0002582777302557543,SPY,"ARIMA(1,0,1)"
2018-06-20,0.0007233751985552578,SPY,"ARIMA(1,0,1)"
2018-06-21,0.0004171098348685321,SPY,"ARIMA(1,0,1)"
2018-06-22,-0.00014531897500111562,SPY,"ARIMA(1,0,1)"
2018-06-25,0.0013246667143940378,SPY,"ARIMA(1,0,1)"
2018-06-26,-0.0016379617482398419,SPY,"ARIMA(1,0,1)"
2018-06-27,0.002702519307771819,SPY,"ARIMA(1,0,1)"
2018-06-28,-0.0024037980496210225,SPY,"ARIMA(1,0,1)"
2018-06-29,-0.0001500603401408542,SPY,"ARIMA(1,0,1)"
2018-07-02,-0.002121288488665175,SPY,"ARIMA(1,0,1)"
2018-07-03,0.0030659142085085428,SPY,"ARIMA(1,0,1)"
2018-07-05,0.0008362404077199711,SPY,"ARIMA(1,0,1)"
2018-07-06,0.003740055980380176,SPY,"ARIMA(1,0,1)"
2018-07-09,0.0007031324049492986,SPY,"ARIMA(1,0,1)"
2018-07-10,0.0003113382214916206,SPY,"ARIMA(1,0,1)"
2018-07-11,0.0008270744250565155,SPY,"ARIMA(1,0,1)"
2018-07-12,0.0007209150769477986,SPY,"ARIMA(1,0,1)"
2018-07-13,0.00024467467498509045,SPY,"ARIMA(1,0,1)"
2018-07-16,0.0008525754671076117,SPY,"ARIMA(1,0,1)"
2018-07-17,0.0004539852835930867,SPY,"ARIMA(1,0,1)"
2018-07-18,0.000584020309093726,SPY,"ARIMA(1,0,1)"
2018-07-19,0.000568861631015225,SPY,"ARIMA(1,0,1)"
2018-07-20,0.0007287181358463552,SPY,"ARIMA(1,0,1)"
2018-07-23,0.0005034639443273139,SPY,"ARIMA(1,0,1)"
2018-07-24,0.0005757521283529234,SPY,"ARIMA(1,0,1)"
2018-07-25,0.000460110558469744,SPY,"ARIMA(1,0,1)"
2018-07-26,0.0004917854379585674,SPY,"ARIMA(1,0,1)"
2018-07-27,0.0007944464097398503,SPY,"ARIMA(1,0,1)"
2018-07-30,0.0006704095890727753,SPY,"ARIMA(1,0,1)"
2018-07-31,0.0006607932175254171,SPY,"ARIMA(1,0,1)"
2018-08-01,0.00040617665288870074,SPY,"ARIMA(1,0,1)"
2018-08-02,0.000762752344793364,SPY,"ARIMA(1,0,1)"
2018-08-03,0.00032705989654568403,SPY,"ARIMA(1,0,1)"
2018-08-06,0.0006950350885350583,SPY,"ARIMA(1,0,1)"
2018-08-07,0.0035145162434771313,SPY,"ARIMA(1,0,1)"
2018-08-08,-0.0019956164941246864,SPY,"ARIMA(1,0,1)"
2018-08-09,0.002917574719248215,SPY,"ARIMA(1,0,1)"
2018-08-10,-0.0020477258265457765,SPY,"ARIMA(1,0,1)"
2018-08-13,0.0008169739670806387,SPY,"ARIMA(1,0,1)"
2018-08-14,0.0006471840269558233,SPY,"ARIMA(1,0,1)"
2018-08-15,0.0004970373991608452,SPY,"ARIMA(1,0,1)"
2018-08-16,0.000949876528766294,SPY,"ARIMA(1,0,1)"
2018-08-17,8.710905797424556e-05,SPY,"ARIMA(1,0,1)"
2018-08-20,0.001033106238199129,SPY,"ARIMA(1,0,1)"
2018-08-21,0.000431369430520214,SPY,"ARIMA(1,0,1)"
2018-08-22,0.0009480432864223762,SPY,"ARIMA(1,0,1)"
2018-08-23,0.0005343339661893934,SPY,"ARIMA(1,0,1)"
2018-08-24,0.0008647319027365933,SPY,"ARIMA(1,0,1)"
2018-08-27,0.00043144575192059396,SPY,"ARIMA(1,0,1)"
2018-08-28,0.00079758207028449,SPY,"ARIMA(1,0,1)"
2018-08-29,0.0006995085591761313,SPY,"ARIMA(1,0,1)"
2018-08-30,0.0006805278317711499,SPY,"ARIMA(1,0,1)"
2018-08-31,0.0009478996950406283,SPY,"ARIMA(1,0,1)"
2018-09-04,0.0005476769238313362,SPY,"ARIMA(1,0,1)"
2018-09-05,0.0008805737032749183,SPY,"ARIMA(1,0,1)"
2018-09-06,0.0006432493661246857,SPY,"ARIMA(1,0,1)"
2018-09-07,0.0008235923908435071,SPY,"ARIMA(1,0,1)"
2018-09-10,0.0006235077706763554,SPY,"ARIMA(1,0,1)"
2018-09-11,0.0007122483057729612,SPY,"ARIMA(1,0,1)"
2018-09-12,0.0005702207231996814,SPY,"ARIMA(1,0,1)"
2018-09-13,0.0007344759942021693,SPY,"ARIMA(1,0,1)"
2018-09-14,0.0004557284865226536,SPY,"ARIMA(1,0,1)"
2018-09-17,0.0008703772193515936,SPY,"ARIMA(1,0,1)"
2018-09-18,0.0006302475393378434,SPY,"ARIMA(1,0,1)"
2018-09-19,0.0005337552235198576,SPY,"ARIMA(1,0,1)"
2018-09-20,0.0007509337520997083,SPY,"ARIMA(1,0,1)"
2018-09-21,0.00039804623376395187,SPY,"ARIMA(1,0,1)"
2018-09-24,0.0009940351244610384,SPY,"ARIMA(1,0,1)"
2018-09-25,0.0005530689804720662,SPY,"ARIMA(1,0,1)"
2018-09-26,0.0008359610030761283,SPY,"ARIMA(1,0,1)"
2018-09-27,0.0006448081889275633,SPY,"ARIMA(1,0,1)"
2018-09-28,0.0006186995397783799,SPY,"ARIMA(1,0,1)"
2018-10-01,0.0007223366686073427,SPY,"ARIMA(1,0,1)"
2018-10-02,0.0005258952194241102,SPY,"ARIMA(1,0,1)"
2018-10-03,0.0007929234209880377,SPY,"ARIMA(1,0,1)"
2018-10-04,0.0005231167603159506,SPY,"ARIMA(1,0,1)"
2018-10-05,0.0009507607887885019,SPY,"ARIMA(1,0,1)"
2018-10-08,0.0004633418637651844,SPY,"ARIMA(1,0,1)"
2018-10-09,0.0006563959794486506,SPY,"ARIMA(1,0,1)"
2018-10-10,0.0005288652003330285,SPY,"ARIMA(1,0,1)"
2018-10-11,-0.0017308124647280583,SPY,"ARIMA(1,0,1)"
2018-10-12,0.0003263382815218577,SPY,"ARIMA(1,0,1)"
2018-10-15,0.00038809151008771997,SPY,"ARIMA(1,0,1)"
2018-10-16,0.0003609427076256982,SPY,"ARIMA(1,0,1)"
2018-10-17,0.00044063667818615166,SPY,"ARIMA(1,0,1)"
2018-10-18,0.0004388610409132119,SPY,"ARIMA(1,0,1)"
2018-10-19,0.00025899304558246766,SPY,"ARIMA(1,0,1)"
2018-10-22,0.0004068975834339624,SPY,"ARIMA(1,0,1)"
2018-10-23,0.00033604374259834036,SPY,"ARIMA(1,0,1)"
2018-10-24,0.0003314307674622234,SPY,"ARIMA(1,0,1)"
2018-10-25,0.0002024449665128879,SPY,"ARIMA(1,0,1)"
2018-10-26,-0.0005737436310594757,SPY,"ARIMA(1,0,1)"
2018-10-29,0.002265800101969722,SPY,"ARIMA(1,0,1)"
2018-10-30,-0.001338554063557693,SPY,"ARIMA(1,0,1)"
2018-10-31,0.0011060071447792396,SPY,"ARIMA(1,0,1)"
2018-11-01,-0.0006054325906113391,SPY,"ARIMA(1,0,1)"
2018-11-02,0.0003090386806748177,SPY,"ARIMA(1,0,1)"
2018-11-05,-3.469941474406978e-05,SPY,"ARIMA(1,0,1)"
2018-11-06,0.0004588353002571552,SPY,"ARIMA(1,0,1)"
2018-11-07,-0.00011734416828721106,SPY,"ARIMA(1,0,1)"
2018-11-08,0.0003975029749339703,SPY,"ARIMA(1,0,1)"
2018-11-09,0.00038358418058487986,SPY,"ARIMA(1,0,1)"
2018-11-12,0.00035410196688705534,SPY,"ARIMA(1,0,1)"
2018-11-13,0.0005794428580150219,SPY,"ARIMA(1,0,1)"
2018-11-14,0.00014234227355527424,SPY,"ARIMA(1,0,1)"
2018-11-15,0.00025471574934057665,SPY,"ARIMA(1,0,1)"
2018-11-16,-5.032122534901742e-05,SPY,"ARIMA(1,0,1)"
2018-11-19,0.0005820916415568984,SPY,"ARIMA(1,0,1)"
2018-11-20,0.0001890259582164955,SPY,"ARIMA(1,0,1)"
2018-11-21,3.283209696611157e-05,SPY,"ARIMA(1,0,1)"
2018-11-23,0.00019806994252861718,SPY,"ARIMA(1,0,1)"
2018-11-26,0.00012471414320369578,SPY,"ARIMA(1,0,1)"
2018-11-27,-3.239528629555766e-05,SPY,"ARIMA(1,0,1)"
2018-11-28,0.000278267059978662,SPY,"ARIMA(1,0,1)"
2018-11-29,0.0003812763923565054,SPY,"ARIMA(1,0,1)"
2018-11-30,0.0004073298617549504,SPY,"ARIMA(1,0,1)"
2018-12-03,0.00022570693830169084,SPY,"ARIMA(1,0,1)"
2018-12-04,0.0002861482089483233,SPY,"ARIMA(1,0,1)"
2018-12-06,1.0597231996902829e-05,SPY,"ARIMA(1,0,1)"
2018-12-07,8.029753063082238e-05,SPY,"ARIMA(1,0,1)"
2018-12-10,7.451070626664837e-05,SPY,"ARIMA(1,0,1)"
2018-12-11,6.948507394183427e-05,SPY,"ARIMA(1,0,1)"
2018-12-12,0.001042255026193497,SPY,"ARIMA(1,0,1)"
2018-12-13,-0.0004180178523764326,SPY,"ARIMA(1,0,1)"
2018-12-14,0.0004804491646869196,SPY,"ARIMA(1,0,1)"
2018-12-17,-4.4399741077469105e-05,SPY,"ARIMA(1,0,1)"
2018-12-18,-8.739108097870625e-05,SPY,"ARIMA(1,0,1)"
2018-12-19,-0.00012466876769200066,SPY,"ARIMA(1,0,1)"
2018-12-20,-0.00020962028130039082,SPY,"ARIMA(1,0,1)"
2018-12-21,-0.0002595313002952917,SPY,"ARIMA(1,0,1)"
2018-12-24,-0.00033964023677330826,SPY,"ARIMA(1,0,1)"
2018-12-26,-0.0014045395124033459,SPY,"ARIMA(1,0,1)"
2018-12-27,-0.0002575127541597318,SPY,"ARIMA(1,0,1)"
2018-12-28,-0.0002237334500117099,SPY,"ARIMA(1,0,1)"
2018-12-31,-0.00022929462951162436,SPY,"ARIMA(1,0,1)"
2019-01-02,-0.00020434775950704784,SPY,"ARIMA(1,0,1)"
2019-01-03,-0.00018525174316162256,SPY,"ARIMA(1,0,1)"
2019-01-04,-0.0003080017131931438,SPY,"ARIMA(1,0,1)"
2019-01-07,0.0060499911979230965,SPY,"ARIMA(1,0,1)"
2019-01-08,0.0009632667804792788,SPY,"ARIMA(1,0,1)"
2019-01-09,-0.00017723630349808321,SPY,"ARIMA(1,0,1)"
2019-01-10,-0.00016572819143722295,SPY,"ARIMA(1,0,1)"
2019-01-11,-0.00016068245745759987,SPY,"ARIMA(1,0,1)"
2019-01-14,-0.00015327443255710627,SPY,"ARIMA(1,0,1)"
2019-01-15,-0.00020618628439686765,SPY,"ARIMA(1,0,1)"
2019-01-16,-0.00018679119799450275,SPY,"ARIMA(1,0,1)"
2019-01-17,-0.00016370119954103082,SPY,"ARIMA(1,0,1)"
2019-01-18,-0.00030728536577462274,SPY,"ARIMA(1,0,1)"
2019-01-22,-0.00011213108889335825,SPY,"ARIMA(1,0,1)"
2019-01-23,-0.00018432667982652888,SPY,"ARIMA(1,0,1)"
2019-01-24,-0.00020792876844882033,SPY,"ARIMA(1,0,1)"
2019-01-25,-0.00021426604447310585,SPY,"ARIMA(1,0,1)"
2019-01-28,-0.0013580631369182184,SPY,"ARIMA(1,0,1)"
2019-01-29,-0.0018373967112450128,SPY,"ARIMA(1,0,1)"
2019-01-30,-0.0015848840131512344,SPY,"ARIMA(1,0,1)"
2019-01-31,0.0008620694326011522,SPY,"ARIMA(1,0,1)"
2019-02-01,0.002189807526252695,SPY,"ARIMA(1,0,1)"
2019-02-04,0.0011492301048254296,SPY,"ARIMA(1,0,1)"
2019-02-05,0.00010061940105320109,SPY,"ARIMA(1,0,1)"
2019-02-06,0.0008394951023798057,SPY,"ARIMA(1,0,1)"
2019-02-07,0.00020801509061763328,SPY,"ARIMA(1,0,1)"
2019-02-08,0.00015911325808502043,SPY,"ARIMA(1,0,1)"
2019-02-11,-3.7009676699681436e-06,SPY,"ARIMA(1,0,1)"
2019-02-12,0.0002625312647477239,SPY,"ARIMA(1,0,1)"
2019-02-13,3.903414781379795e-05,SPY,"ARIMA(1,0,1)"
2019-02-14,3.6729332070143376e-05,SPY,"ARIMA(1,0,1)"
2019-02-15,0.00018574423948534014,SPY,"ARIMA(1,0,1)"
2019-02-19,-7.046262601553035e-05,SPY,"ARIMA(1,0,1)"
2019-02-20,6.968005477652343e-05,SPY,"ARIMA(1,0,1)"
2019-02-21,9.464843414675651e-05,SPY,"ARIMA(1,0,1)"
2019-02-22,0.0002565317784029161,SPY,"ARIMA(1,0,1)"
2019-02-25,1.2557591989328118e-05,SPY,"ARIMA(1,0,1)"
2019-02-26,0.00019650222975541403,SPY,"ARIMA(1,0,1)"
2019-02-27,0.00016558071678415075,SPY,"ARIMA(1,0,1)"
2019-02-28,0.0001144954280481173,SPY,"ARIMA(1,0,1)"
2019-03-01,0.00020422384328951638,SPY,"ARIMA(1,0,1)"
2019-03-04,-4.8236153656439654e-05,SPY,"ARIMA(1,0,1)"
2019-03-05,0.00039500453586983707,SPY,"ARIMA(1,0,1)"
2019-03-06,0.00028013325747823866,SPY,"ARIMA(1,0,1)"
2019-03-07,0.0003984482237430903,SPY,"ARIMA(1,0,1)"
2019-03-08,0.00045696703901516855,SPY,"ARIMA(1,0,1)"
2019-03-11,0.0001791240974728377,SPY,"ARIMA(1,0,1)"
2019-03-12,-0.0004682016474355188,SPY,"ARIMA(1,0,1)"
2019-03-13,-7.832838251401882e-05,SPY,"ARIMA(1,0,1)"
2019-03-14,-0.00014991226498945219,SPY,"ARIMA(1,0,1)"
2019-03-15,0.00016813015191430948,SPY,"ARIMA(1,0,1)"
2019-03-18,-1.4291677928156499e-05,SPY,"ARIMA(1,0,1)"
2019-03-19,6.142058501201162e-05,SPY,"ARIMA(1,0,1)"
2019-03-20,0.00018535232080051014,SPY,"ARIMA(1,0,1)"
2019-03-21,0.0003619758467032401,SPY,"ARIMA(1,0,1)"
2019-03-22,-0.00017072743679420385,SPY,"ARIMA(1,0,1)"
2019-03-25,0.0010653660850644085,SPY,"ARIMA(1,0,1)"
2019-03-26,0.00022437151161936255,SPY,"ARIMA(1,0,1)"
2019-03-27,0.0002473271260914603,SPY,"ARIMA(1,0,1)"
2019-03-28,0.0004603727002631295,SPY,"ARIMA(1,0,1)"
2019-03-29,0.00023233825695814217,SPY,"ARIMA(1,0,1)"
2019-04-01,0.0003770702468283199,SPY,"ARIMA(1,0,1)"
2019-04-02,0.0004017050662296936,SPY,"ARIMA(1,0,1)"
2019-04-03,0.0005917546718448804,SPY,"ARIMA(1,0,1)"
2019-04-04,0.000403282454956301,SPY,"ARIMA(1,0,1)"
2019-04-05,0.00040197691610284085,SPY,"ARIMA(1,0,1)"
2019-04-08,0.00036749870710782125,SPY,"ARIMA(1,0,1)"
2019-04-09,0.000500668912267735,SPY,"ARIMA(1,0,1)"
2019-04-10,0.0004698458370392269,SPY,"ARIMA(1,0,1)"
2019-04-11,0.0003949671190348064,SPY,"ARIMA(1,0,1)"
2019-04-12,0.00042815530156502257,SPY,"ARIMA(1,0,1)"
2019-04-15,0.00038397683589374426,SPY,"ARIMA(1,0,1)"
2019-04-16,0.00044900980768478407,SPY,"ARIMA(1,0,1)"
2019-04-17,0.00039153753059776984,SPY,"ARIMA(1,0,1)"
2019-04-18,0.000371454892715927,SPY,"ARIMA(1,0,1)"
2019-04-22,0.0003309316628476085,SPY,"ARIMA(1,0,1)"
2019-04-23,0.00038134048372499016,SPY,"ARIMA(1,0,1)"
2019-04-24,0.0003834354537375156,SPY,"ARIMA(1,0,1)"
2019-04-25,0.0004966037443625609,SPY,"ARIMA(1,0,1)"
2019-04-26,0.0004809300094310634,SPY,"ARIMA(1,0,1)"
2019-04-29,0.00046292078719826503,SPY,"ARIMA(1,0,1)"
2019-04-30,0.00046591078360209824,SPY,"ARIMA(1,0,1)"
2019-05-01,0.00046247666024653824,SPY,"ARIMA(1,0,1)"
2019-05-02,0.0005355551154035583,SPY,"ARIMA(1,0,1)"
2019-05-03,0.00044346758662212416,SPY,"ARIMA(1,0,1)"
2019-05-06,0.00042943446749939425,SPY,"ARIMA(1,0,1)"
2019-05-07,0.000593295146543369,SPY,"ARIMA(1,0,1)"
2019-05-08,0.0004877269915359758,SPY,"ARIMA(1,0,1)"
2019-05-09,0.00032896192094519777,SPY,"ARIMA(1,0,1)"
2019-05-10,0.0004130209464900345,SPY,"ARIMA(1,0,1)"
2019-05-13,0.00024956453393523584,SPY,"ARIMA(1,0,1)"
2019-05-14,0.0006856615009598646,SPY,"ARIMA(1,0,1)"
2019-05-15,-0.0004214602529958685,SPY,"ARIMA(1,0,1)"
2019-05-16,0.0004865958612338939,SPY,"ARIMA(1,0,1)"
2019-05-17,-0.00013806692339437643,SPY,"ARIMA(1,0,1)"
2019-05-20,0.000920892235763588,SPY,"ARIMA(1,0,1)"
2019-05-21,-0.00020090503564627893,SPY,"ARIMA(1,0,1)"
2019-05-22,0.00047456610395594064,SPY,"ARIMA(1,0,1)"
2019-05-23,0.00021086051514811893,SPY,"ARIMA(1,0,1)"
2019-05-24,0.0004808739275621141,SPY,"ARIMA(1,0,1)"
2019-05-28,-1.223369552395839e-05,SPY,"ARIMA(1,0,1)"
2019-05-29,0.0004443446032169042,SPY,"ARIMA(1,0,1)"
2019-05-30,0.00016026998057778785,SPY,"ARIMA(1,0,1)"
2019-05-31,0.00018712116967928706,SPY,"ARIMA(1,0,1)"
2019-06-03,0.00030989239805351965,SPY,"ARIMA(1,0,1)"
2019-06-04,9.692142012956954e-05,SPY,"ARIMA(1,0,1)"
2019-06-05,-8.878556443640836e-05,SPY,"ARIMA(1,0,1)"
2019-06-06,0.000203957570889621,SPY,"ARIMA(1,0,1)"
2019-06-07,0.0001846995054408839,SPY,"ARIMA(1,0,1)"
2019-06-10,0.0002023197190551548,SPY,"ARIMA(1,0,1)"
2019-06-11,0.0002362593162164254,SPY,"ARIMA(1,0,1)"
2019-06-12,0.00022347506371591343,SPY,"ARIMA(1,0,1)"
2019-06-13,0.0002103076014608886,SPY,"ARIMA(1,0,1)"
2019-06-14,0.00022350871409736514,SPY,"ARIMA(1,0,1)"
2019-06-17,0.00023090334233276524,SPY,"ARIMA(1,0,1)"
2019-06-18,0.00022220183748562685,SPY,"ARIMA(1,0,1)"
2019-06-19,0.0002662585570770401,SPY,"ARIMA(1,0,1)"
2019-06-20,0.00028812728031262413,SPY,"ARIMA(1,0,1)"
2019-06-21,0.0003589916266864179,SPY,"ARIMA(1,0,1)"
2019-06-24,0.0003237041803576576,SPY,"ARIMA(1,0,1)"
2019-06-25,0.00034084656276266786,SPY,"ARIMA(1,0,1)"
2019-06-26,0.0002489148768963465,SPY,"ARIMA(1,0,1)"
2019-06-27,0.0003222731312704429,SPY,"ARIMA(1,0,1)"
2019-06-28,0.0003680201494788347,SPY,"ARIMA(1,0,1)"
2019-07-01,0.0004491115728474506,SPY,"ARIMA(1,0,1)"
2019-07-02,0.000520931118466126,SPY,"ARIMA(1,0,1)"
2019-07-03,0.0004912894981007051,SPY,"ARIMA(1,0,1)"
2019-07-05,0.0005482233994184617,SPY,"ARIMA(1,0,1)"
2019-07-08,0.00046746934476710655,SPY,"ARIMA(1,0,1)"
2019-07-09,0.00037358864553806273,SPY,"ARIMA(1,0,1)"
2019-07-10,0.0003711707897655063,SPY,"ARIMA(1,0,1)"
2019-07-11,0.0004018694036263924,SPY,"ARIMA(1,0,1)"
2019-07-12,0.00038715416410556384,SPY,"ARIMA(1,0,1)"
2019-07-15,0.0004531268822770106,SPY,"ARIMA(1,0,1)"
2019-07-16,0.00037900428896007224,SPY,"ARIMA(1,0,1)"
2019-07-17,0.00031879269527314026,SPY,"ARIMA(1,0,1)"
2019-07-18,0.0002385931198471493,SPY,"ARIMA(1,0,1)"
2019-07-19,0.00034510103316308274,SPY,"ARIMA(1,0,1)"
2019-07-22,0.00024457200432908123,SPY,"ARIMA(1,0,1)"
2019-07-23,0.0003313956512770764,SPY,"ARIMA(1,0,1)"
2019-07-24,0.000406169835892409,SPY,"ARIMA(1,0,1)"
2019-07-25,0.0004213577829504164,SPY,"ARIMA(1,0,1)"
2019-07-26,0.0002997613461386319,SPY,"ARIMA(1,0,1)"
2019-07-29,0.00034503106470954906,SPY,"ARIMA(1,0,1)"
2019-07-30,0.00031640913692059826,SPY,"ARIMA(1,0,1)"
2019-07-31,0.0003208538604836944,SPY,"ARIMA(1,0,1)"
2019-08-01,0.00022293771617723789,SPY,"ARIMA(1,0,1)"
2019-08-02,0.00011373374129086499,SPY,"ARIMA(1,0,1)"
2019-08-05,6.578192645528236e-05,SPY,"ARIMA(1,0,1)"
2019-08-06,-0.0008675057698172921,SPY,"ARIMA(1,0,1)"
2019-08-07,0.00013749469946302322,SPY,"ARIMA(1,0,1)"
2019-08-08,0.00012123597478234179,SPY,"ARIMA(1,0,1)"
2019-08-09,0.00029579345223506757,SPY,"ARIMA(1,0,1)"
2019-08-12,0.00016689041518532874,SPY,"ARIMA(1,0,1)"
2019-08-13,9.45315448085851e-05,SPY,"ARIMA(1,0,1)"
2019-08-14,0.00016816243332259563,SPY,"ARIMA(1,0,1)"
2019-08-15,0.000732291388635397,SPY,"ARIMA(1,0,1)"
2019-08-16,-0.0002286084750929804,SPY,"ARIMA(1,0,1)"
2019-08-19,-7.778368554941237e-05,SPY,"ARIMA(1,0,1)"
2019-08-20,5.864540643940437e-05,SPY,"ARIMA(1,0,1)"
2019-08-21,0.0003975562464500219,SPY,"ARIMA(1,0,1)"
2019-08-22,-9.731941971798986e-05,SPY,"ARIMA(1,0,1)"
2019-08-23,0.0002959613885856963,SPY,"ARIMA(1,0,1)"
2019-08-26,0.0005663643664995464,SPY,"ARIMA(1,0,1)"
2019-08-27,-0.0004591427590436543,SPY,"ARIMA(1,0,1)"
2019-08-28,0.0003809340080349232,SPY,"ARIMA(1,0,1)"
2019-08-29,-0.00033266251356588096,SPY,"ARIMA(1,0,1)"
2019-08-30,-0.00015381144775400245,SPY,"ARIMA(1,0,1)"
2019-09-03,0.000191383010432854,SPY,"ARIMA(1,0,1)"
2019-09-04,0.0002181017930235051,SPY,"ARIMA(1,0,1)"
2019-09-05,-0.0002759828171844371,SPY,"ARIMA(1,0,1)"
2019-09-06,-7.681119954001234e-05,SPY,"ARIMA(1,0,1)"
2019-09-09,0.000245720705263944,SPY,"ARIMA(1,0,1)"
2019-09-10,0.00019077069030460882,SPY,"ARIMA(1,0,1)"
2019-09-11,0.00023477810118622622,SPY,"ARIMA(1,0,1)"
2019-09-12,5.0128336040077416e-05,SPY,"ARIMA(1,0,1)"
2019-09-13,0.00020078586074891202,SPY,"ARIMA(1,0,1)"
2019-09-16,0.0002686354801276252,SPY,"ARIMA(1,0,1)"
2019-09-17,0.00027418615725737546,SPY,"ARIMA(1,0,1)"
2019-09-18,0.00012972077306003276,SPY,"ARIMA(1,0,1)"
2019-09-19,0.00023944919720194242,SPY,"ARIMA(1,0,1)"
2019-09-20,0.00021647152322226058,SPY,"ARIMA(1,0,1)"
2019-09-23,0.00031327872838802086,SPY,"ARIMA(1,0,1)"
2019-09-24,0.00013533831736123995,SPY,"ARIMA(1,0,1)"
2019-09-25,0.00033837800581346106,SPY,"ARIMA(1,0,1)"
2019-09-26,-5.02656564287085e-05,SPY,"ARIMA(1,0,1)"
2019-09-27,0.00028009998761984893,SPY,"ARIMA(1,0,1)"
2019-09-30,0.00027678423468230037,SPY,"ARIMA(1,0,1)"
2019-10-01,5.119479911785892e-06,SPY,"ARIMA(1,0,1)"
2019-10-02,0.0005035344368148469,SPY,"ARIMA(1,0,1)"
2019-10-03,0.000404691289785042,SPY,"ARIMA(1,0,1)"
2019-10-04,-0.0002110148112505634,SPY,"ARIMA(1,0,1)"
2019-10-07,-0.00020335415975122304,SPY,"ARIMA(1,0,1)"
2019-10-08,0.0002513107694845616,SPY,"ARIMA(1,0,1)"
2019-10-09,0.000501796371054651,SPY,"ARIMA(1,0,1)"
2019-10-10,-0.00022223641255599534,SPY,"ARIMA(1,0,1)"
2019-10-11,-0.00010993153756236625,SPY,"ARIMA(1,0,1)"
2019-10-14,-7.496055922626702e-05,SPY,"ARIMA(1,0,1)"
2019-10-15,0.0003598968765292052,SPY,"ARIMA(1,0,1)"
2019-10-16,3.717079226608547e-05,SPY,"ARIMA(1,0,1)"
2019-10-17,0.0005607568933574251,SPY,"ARIMA(1,0,1)"
2019-10-18,0.0002190983979763438,SPY,"ARIMA(1,0,1)"
2019-10-21,0.0005103845393542555,SPY,"ARIMA(1,0,1)"
2019-10-22,0.00011495658153357953,SPY,"ARIMA(1,0,1)"
2019-10-23,0.0005587386876215264,SPY,"ARIMA(1,0,1)"
2019-10-24,0.00033233784336509904,SPY,"ARIMA(1,0,1)"
2019-10-25,0.0004017154951846843,SPY,"ARIMA(1,0,1)"
2019-10-28,0.00048240194961746304,SPY,"ARIMA(1,0,1)"
2019-10-29,0.0004152854185237644,SPY,"ARIMA(1,0,1)"
2019-10-30,0.0006206406031303915,SPY,"ARIMA(1,0,1)"
2019-10-31,0.000561904140864006,SPY,"ARIMA(1,0,1)"
2019-11-01,0.0006511929672997523,SPY,"ARIMA(1,0,1)"
2019-11-04,0.00034281421813867627,SPY,"ARIMA(1,0,1)"
2019-11-05,0.0004142304599642494,SPY,"ARIMA(1,0,1)"
2019-11-06,0.0005595119946710584,SPY,"ARIMA(1,0,1)"
2019-11-07,0.0005486767337458453,SPY,"ARIMA(1,0,1)"
2019-11-08,0.00043037155728543343,SPY,"ARIMA(1,0,1)"
2019-11-11,0.0003637248694899735,SPY,"ARIMA(1,0,1)"
2019-11-12,0.0005472037595278547,SPY,"ARIMA(1,0,1)"
2019-11-13,0.0004457784053498574,SPY,"ARIMA(1,0,1)"
2019-11-14,0.0005822244948498177,SPY,"ARIMA(1,0,1)"
2019-11-15,0.0005515770415510533,SPY,"ARIMA(1,0,1)"
2019-11-18,0.0003862112568288054,SPY,"ARIMA(1,0,1)"
2019-11-19,0.0006073300856492881,SPY,"ARIMA(1,0,1)"
2019-11-20,0.0006424547377789386,SPY,"ARIMA(1,0,1)"
2019-11-21,0.000883808080960793,SPY,"ARIMA(1,0,1)"
2019-11-22,0.0008350630251872247,SPY,"ARIMA(1,0,1)"
2019-11-25,0.0006359435745554075,SPY,"ARIMA(1,0,1)"
2019-11-26,0.00039480116163533453,SPY,"ARIMA(1,0,1)"
2019-11-27,0.0006192318953239808,SPY,"ARIMA(1,0,1)"
2019-11-29,0.0005154134463580365,SPY,"ARIMA(1,0,1)"
2019-12-02,0.0008095176043198969,SPY,"ARIMA(1,0,1)"
2019-12-03,0.0008822844285498624,SPY,"ARIMA(1,0,1)"
2019-12-04,0.000776422732946929,SPY,"ARIMA(1,0,1)"
2019-12-05,0.0006686223164237385,SPY,"ARIMA(1,0,1)"
2019-12-06,0.0006065127886040502,SPY,"ARIMA(1,0,1)"
2019-12-09,0.0003793481014914118,SPY,"ARIMA(1,0,1)"
2019-12-10,0.0009266281428953804,SPY,"ARIMA(1,0,1)"
2019-12-11,0.0008214476481235136,SPY,"ARIMA(1,0,1)"
2019-12-12,0.0006813609337152009,SPY,"ARIMA(1,0,1)"
2019-12-13,0.00032832439449983597,SPY,"ARIMA(1,0,1)"
2019-12-16,0.0007137958184328928,SPY,"ARIMA(1,0,1)"
2019-12-17,0.0003929383967719418,SPY,"ARIMA(1,0,1)"
2019-12-18,0.0007323117090105714,SPY,"ARIMA(1,0,1)"
2019-12-19,0.000752064531653168,SPY,"ARIMA(1,0,1)"
2019-12-20,0.0005247358886000099,SPY,"ARIMA(1,0,1)"
2019-12-23,0.0003920364489325733,SPY,"ARIMA(1,0,1)"
2019-12-24,0.0008828927247705424,SPY,"ARIMA(1,0,1)"
2019-12-26,0.0013833445148495518,SPY,"ARIMA(1,0,1)"
2019-12-27,0.0007292617847691821,SPY,"ARIMA(1,0,1)"
2019-12-30,0.0010735916266869764,SPY,"ARIMA(1,0,1)"
2019-12-31,0.0017535423433668541,SPY,"ARIMA(1,0,1)"
2020-01-02,0.001148851753410465,SPY,"ARIMA(1,0,1)"
2020-01-03,0.0006097978351758014,SPY,"ARIMA(1,0,1)"
2020-01-06,0.0015217891055649315,SPY,"ARIMA(1,0,1)"
2020-01-07,0.0010268003308375635,SPY,"ARIMA(1,0,1)"
2020-01-08,0.0013158036548895798,SPY,"ARIMA(1,0,1)"
2020-01-09,0.0007870893555235233,SPY,"ARIMA(1,0,1)"
2020-01-10,0.0004307699900049449,SPY,"ARIMA(1,0,1)"
2020-01-13,0.0010196384604574213,SPY,"ARIMA(1,0,1)"
2020-01-14,0.0005543174309236764,SPY,"ARIMA(1,0,1)"
2020-01-15,0.0009996961448959468,SPY,"ARIMA(1,0,1)"
2020-01-16,0.000838191316381899,SPY,"ARIMA(1,0,1)"
2020-01-17,0.00040339202588436825,SPY,"ARIMA(1,0,1)"
2020-01-21,0.0005326619503004752,SPY,"ARIMA(1,0,1)"
2020-01-22,0.0009294710578035312,SPY,"ARIMA(1,0,1)"
2020-01-23,0.00107172958990334,SPY,"ARIMA(1,0,1)"
2020-01-24,0.0010087461468314602,SPY,"ARIMA(1,0,1)"
2020-01-27,0.001661072544061668,SPY,"ARIMA(1,0,1)"
2020-01-28,0.0019830222842020157,SPY,"ARIMA(1,0,1)"
2020-01-29,0.0008362690354824082,SPY,"ARIMA(1,0,1)"
2020-01-30,0.0010350341777962736,SPY,"ARIMA(1,0,1)"
2020-01-31,0.0007930345891375346,SPY,"ARIMA(1,0,1)"
2020-02-03,0.0023738646490393937,SPY,"ARIMA(1,0,1)"
2020-02-04,0.0011747346999388603,SPY,"ARIMA(1,0,1)"
2020-02-05,-0.0002333383645992085,SPY,"ARIMA(1,0,1)"
2020-02-06,-0.0004361510518683479,SPY,"ARIMA(1,0,1)"
2020-02-07,-0.00012733486032444146,SPY,"ARIMA(1,0,1)"
2020-02-10,0.0007232870960258416,SPY,"ARIMA(1,0,1)"
2020-02-11,0.0003370884379475782,SPY,"ARIMA(1,0,1)"
2020-02-12,0.00043829057983830853,SPY,"ARIMA(1,0,1)"
2020-02-13,0.0001140225270700653,SPY,"ARIMA(1,0,1)"
2020-02-14,0.0004841727169417778,SPY,"ARIMA(1,0,1)"
2020-02-18,0.0005566447716762266,SPY,"ARIMA(1,0,1)"
2020-02-19,0.0009014622759871291,SPY,"ARIMA(1,0,1)"
2020-02-20,0.0005876209067324842,SPY,"ARIMA(1,0,1)"
2020-02-21,0.0010293269028278222,SPY,"ARIMA(1,0,1)"
2020-02-24,0.0017509341846893014,SPY,"ARIMA(1,0,1)"
2020-02-25,0.003232704187152894,SPY,"ARIMA(1,0,1)"
2020-02-26,-0.00016317357990238432,SPY,"ARIMA(1,0,1)"
2020-02-27,0.0006366538011844916,SPY,"ARIMA(1,0,1)"
2020-02-28,-0.0019241259921590446,SPY,"ARIMA(1,0,1)"
2020-03-02,0.00013486438431468788,SPY,"ARIMA(1,0,1)"
2020-03-03,0.0004605694815844236,SPY,"ARIMA(1,0,1)"
2020-03-04,0.0003573697705983682,SPY,"ARIMA(1,0,1)"
2020-03-05,-0.0021542644704696206,SPY,"ARIMA(1,0,1)"
2020-03-06,0.00674284010211743,SPY,"ARIMA(1,0,1)"
2020-03-09,0.0021089140364468685,SPY,"ARIMA(1,0,1)"
2020-03-10,0.00817585975056606,SPY,"ARIMA(1,0,1)"
2020-03-11,-0.02043713229638862,SPY,"ARIMA(1,0,1)"
2020-03-12,0.028036893475333967,SPY,"ARIMA(1,0,1)"
2020-03-13,-0.0018645576455381643,SPY,"ARIMA(1,0,1)"
2020-03-16,-0.01784270546615862,SPY,"ARIMA(1,0,1)"
2020-03-17,0.04773543876109018,SPY,"ARIMA(1,0,1)"
2020-03-18,-0.023569141149887035,SPY,"ARIMA(1,0,1)"
2020-03-19,0.025142701743711957,SPY,"ARIMA(1,0,1)"
2020-03-20,-0.003550163534946189,SPY,"ARIMA(1,0,1)"
2020-03-23,0.01711646544777294,SPY,"ARIMA(1,0,1)"
2020-03-24,0.0051895771318465865,SPY,"ARIMA(1,0,1)"
2020-03-25,-0.03619868993548887,SPY,"ARIMA(1,0,1)"
2020-03-26,-0.0020516256335229464,SPY,"ARIMA(1,0,1)"
2020-03-27,-0.018730424674727644,SPY,"ARIMA(1,0,1)"
2020-03-30,0.013930382584502207,SPY,"ARIMA(1,0,1)"
2020-03-31,-0.014260376170457095,SPY,"ARIMA(1,0,1)"
2020-04-01,0.007612081303980438,SPY,"ARIMA(1,0,1)"
2020-04-02,0.01316756053707653,SPY,"ARIMA(1,0,1)"
2020-04-03,-0.010735489780321066,SPY,"ARIMA(1,0,1)"
2020-04-06,0.006104872390556202,SPY,"ARIMA(1,0,1)"
2020-04-07,-0.02472170428820299,SPY,"ARIMA(1,0,1)"
2020-04-08,0.004264340246445794,SPY,"ARIMA(1,0,1)"
2020-04-09,-0.012318518593100618,SPY,"ARIMA(1,0,1)"
2020-04-13,-0.0023296486537386597,SPY,"ARIMA(1,0,1)"
2020-04-14,0.0033754651701718404,SPY,"ARIMA(1,0,1)"
2020-04-15,-0.010376428714230102,SPY,"ARIMA(1,0,1)"
2020-04-16,0.009360795695869034,SPY,"ARIMA(1,0,1)"
2020-04-17,-0.0035254098035241654,SPY,"ARIMA(1,0,1)"
2020-04-20,-0.00798605786311425,SPY,"ARIMA(1,0,1)"
2020-04-21,0.007436684295027696,SPY,"ARIMA(1,0,1)"
2020-04-22,0.008473953476999436,SPY,"ARIMA(1,0,1)"
2020-04-23,-0.008827876961379778,SPY,"ARIMA(1,0,1)"
2020-04-24,0.0015509831903083504,SPY,"ARIMA(1,0,1)"
2020-04-27,-0.004955405513007969,SPY,"ARIMA(1,0,1)"
2020-04-28,-0.0036799724893916363,SPY,"ARIMA(1,0,1)"
2020-04-29,0.002209105512333783,SPY,"ARIMA(1,0,1)"
2020-04-30,-0.008807585149477706,SPY,"ARIMA(1,0,1)"
2020-05-01,0.004991683597559851,SPY,"ARIMA(1,0,1)"
2020-05-04,0.007797240995914146,SPY,"ARIMA(1,0,1)"
2020-05-05,-0.002400821754783916,SPY,"ARIMA(1,0,1)"
2020-05-06,-0.0025525850249211307,SPY,"ARIMA(1,0,1)"
2020-05-07,0.002655214344786467,SPY,"ARIMA(1,0,1)"
2020-05-08,-0.0043069548701919385,SPY,"ARIMA(1,0,1)"
2020-05-11,-0.00425444369779047,SPY,"ARIMA(1,0,1)"
2020-05-12,0.000979647870650552,SPY,"ARIMA(1,0,1)"
2020-05-13,0.0065666039539116925,SPY,"ARIMA(1,0,1)"
2020-05-14,0.00456045536277066,SPY,"ARIMA(1,0,1)"
2020-05-15,-0.00458164933513392,SPY,"ARIMA(1,0,1)"
2020-05-18,-0.0004913325230733336,SPY,"ARIMA(1,0,1)"
2020-05-19,-0.00916556098121122,SPY,"ARIMA(1,0,1)"
2020-05-20,0.005423914047651765,SPY,"ARIMA(1,0,1)"
2020-05-21,-0.006150530094708887,SPY,"ARIMA(1,0,1)"
2020-05-22,0.0037794321162794623,SPY,"ARIMA(1,0,1)"
2020-05-26,-0.001028200294749887,SPY,"ARIMA(1,0,1)"
2020-05-27,-0.0031239672745137738,SPY,"ARIMA(1,0,1)"
2020-05-28,-0.0034268380296396976,SPY,"ARIMA(1,0,1)"
2020-05-29,0.0019272967002840575,SPY,"ARIMA(1,0,1)"
2020-06-01,-0.00117193510601818,SPY,"ARIMA(1,0,1)"
2020-06-02,-0.0003115513036924611,SPY,"ARIMA(1,0,1)"
2020-06-03,-0.0017123817333290323,SPY,"ARIMA(1,0,1)"
2020-06-04,-0.0030983315223299256,SPY,"ARIMA(1,0,1)"
2020-06-05,0.002171611948557981,SPY,"ARIMA(1,0,1)"
2020-06-08,-0.007785696809637434,SPY,"ARIMA(1,0,1)"
2020-06-09,-0.0014584441137312147,SPY,"ARIMA(1,0,1)"
2020-06-10,0.0034277892587612877,SPY,"ARIMA(1,0,1)"
2020-06-11,0.0018015520505836997,SPY,"ARIMA(1,0,1)"
2020-06-12,0.018646202584630744,SPY,"ARIMA(1,0,1)"
2020-06-15,-0.007305298320412496,SPY,"ARIMA(1,0,1)"
2020-06-16,-0.0006225967713454285,SPY,"ARIMA(1,0,1)"
2020-06-17,-0.005101555895978588,SPY,"ARIMA(1,0,1)"
2020-06-18,0.002916614117771603,SPY,"ARIMA(1,0,1)"
2020-06-19,-0.0003439200429292844,SPY,"ARIMA(1,0,1)"
2020-06-22,0.002231277172408453,SPY,"ARIMA(1,0,1)"
2020-06-23,-0.001966973289928004,SPY,"ARIMA(1,0,1)"
2020-06-24,-0.0004329960859593251,SPY,"ARIMA(1,0,1)"
2020-06-25,0.008461082201234895,SPY,"ARIMA(1,0,1)"
2020-06-26,-0.004670328477119392,SPY,"ARIMA(1,0,1)"
2020-06-29,0.008923669073106327,SPY,"ARIMA(1,0,1)"
2020-06-30,-0.006173557407487893,SPY,"ARIMA(1,0,1)"
2020-07-01,-0.0022728895963958695,SPY,"ARIMA(1,0,1)"
2020-07-02,-0.0012845838297375714,SPY,"ARIMA(1,0,1)"
2020-07-06,-0.0009328753275729758,SPY,"ARIMA(1,0,1)"
2020-07-07,-0.004025977763617389,SPY,"ARIMA(1,0,1)"
2020-07-08,0.004610662347908472,SPY,"ARIMA(1,0,1)"
2020-07-09,-0.002877884755101746,SPY,"ARIMA(1,0,1)"
2020-07-10,0.0029058990365952797,SPY,"ARIMA(1,0,1)"
2020-07-13,-0.0033138001745118117,SPY,"ARIMA(1,0,1)"
2020-07-14,0.003838681667736119,SPY,"ARIMA(1,0,1)"
2020-07-15,-0.0043976712513468285,SPY,"ARIMA(1,0,1)"
2020-07-16,-0.0013313052847952888,SPY,"ARIMA(1,0,1)"
2020-07-17,0.0018086498936951607,SPY,"ARIMA(1,0,1)"
2020-07-20,-0.0007426278048820122,SPY,"ARIMA(1,0,1)"
2020-07-21,-0.0015661247269295876,SPY,"ARIMA(1,0,1)"
2020-07-22,0.0004011169125780778,SPY,"ARIMA(1,0,1)"
2020-07-23,-0.0012094137322538649,SPY,"ARIMA(1,0,1)"
2020-07-24,0.004575644247988564,SPY,"ARIMA(1,0,1)"
2020-07-27,0.001515354514693855,SPY,"ARIMA(1,0,1)"
2020-07-28,-0.0020560726205579374,SPY,"ARIMA(1,0,1)"
2020-07-29,0.0029622953248298173,SPY,"ARIMA(1,0,1)"
2020-07-30,-0.003761400885584169,SPY,"ARIMA(1,0,1)"
2020-07-31,0.0026611368012938214,SPY,"ARIMA(1,0,1)"
2020-08-03,-0.0023004576674713092,SPY,"ARIMA(1,0,1)"
2020-08-04,-0.0008545506837614264,SPY,"ARIMA(1,0,1)"
2020-08-05,-4.7356060132093016e-06,SPY,"ARIMA(1,0,1)"
2020-08-06,-0.000942411215797169,SPY,"ARIMA(1,0,1)"
2020-08-07,-0.0008994288294059846,SPY,"ARIMA(1,0,1)"
2020-08-10,0.0008931623558550716,SPY,"ARIMA(1,0,1)"
2020-08-11,-0.00016146654537670016,SPY,"ARIMA(1,0,1)"
2020-08-12,0.0036007120183105114,SPY,"ARIMA(1,0,1)"
2020-08-13,-0.004112711465560158,SPY,"ARIMA(1,0,1)"
2020-08-14,0.0026645016399973395,SPY,"ARIMA(1,0,1)"
2020-08-17,0.0005027642054949483,SPY,"ARIMA(1,0,1)"
2020-08-18,-4.435561759919893e-05,SPY,"ARIMA(1,0,1)"
2020-08-19,0.0003658379005108079,SPY,"ARIMA(1,0,1)"
2020-08-20,0.0022504088742556928,SPY,"ARIMA(1,0,1)"
2020-08-21,-0.00046120806434827146,SPY,"ARIMA(1,0,1)"
2020-08-24,5.6692588144589134e-05,SPY,"ARIMA(1,0,1)"
2020-08-25,-0.001970221549239314,SPY,"ARIMA(1,0,1)"
2020-08-26,0.0005609908485378258,SPY,"ARIMA(1,0,1)"
2020-08-27,-0.001848396826217938,SPY,"ARIMA(1,0,1)"
2020-08-28,0.0010463476906571816,SPY,"ARIMA(1,0,1)"
2020-08-31,-0.0010154664831732668,SPY,"ARIMA(1,0,1)"
2020-09-01,0.002607609042845519,SPY,"ARIMA(1,0,1)"
2020-09-02,-0.0022754852854730647,SPY,"ARIMA(1,0,1)"
2020-09-03,-0.0026617273286807493,SPY,"ARIMA(1,0,1)"
2020-09-04,0.01281799889632766,SPY,"ARIMA(1,0,1)"
2020-09-08,0.0007089594402028682,SPY,"ARIMA(1,0,1)"
2020-09-09,0.009277523124878444,SPY,"ARIMA(1,0,1)"
2020-09-10,-0.007530735465729844,SPY,"ARIMA(1,0,1)"
2020-09-11,0.008017793552029502,SPY,"ARIMA(1,0,1)"
2020-09-14,-0.0012806649009520989,SPY,"ARIMA(1,0,1)"
2020-09-15,-0.002973518262125216,SPY,"ARIMA(1,0,1)"
2020-09-16,-9.899766975282826e-06,SPY,"ARIMA(1,0,1)"
2020-09-17,0.0020851361593885514,SPY,"ARIMA(1,0,1)"
2020-09-18,0.003029001985045016,SPY,"ARIMA(1,0,1)"
2020-09-21,0.003602236320347215,SPY,"ARIMA(1,0,1)"
2020-09-22,0.0032479790345368398,SPY,"ARIMA(1,0,1)"
2020-09-23,-0.003165583747494613,SPY,"ARIMA(1,0,1)"
2020-09-24,0.008679038000492169,SPY,"ARIMA(1,0,1)"
2020-09-25,-0.002231185829762462,SPY,"ARIMA(1,0,1)"
2020-09-28,-0.0037291560722262935,SPY,"ARIMA(1,0,1)"
2020-09-29,-0.0033366677069001753,SPY,"ARIMA(1,0,1)"
2020-09-30,0.0032764721749387626,SPY,"ARIMA(1,0,1)"
2020-10-01,-0.002261836782609422,SPY,"ARIMA(1,0,1)"
2020-10-02,-0.0004118436928515904,SPY,"ARIMA(1,0,1)"
2020-10-05,0.0040195339725237885,SPY,"ARIMA(1,0,1)"
2020-10-06,-0.005459709372869818,SPY,"ARIMA(1,0,1)"
2020-10-07,0.006817450532276247,SPY,"ARIMA(1,0,1)"
2020-10-08,-0.005970793833467999,SPY,"ARIMA(1,0,1)"
2020-10-09,-0.00018713961926989135,SPY,"ARIMA(1,0,1)"
2020-10-12,-0.0015967975706498376,SPY,"ARIMA(1,0,1)"
2020-10-13,-0.003397901542382443,SPY,"ARIMA(1,0,1)"
2020-10-14,0.004008467386571639,SPY,"ARIMA(1,0,1)"
2020-10-15,0.0020906465742294568,SPY,"ARIMA(1,0,1)"
2020-10-16,0.0009348260314250239,SPY,"ARIMA(1,0,1)"
2020-10-19,0.0009985263482640738,SPY,"ARIMA(1,0,1)"
2020-10-20,0.005471557129614098,SPY,"ARIMA(1,0,1)"
2020-10-21,-0.0016184574433215871,SPY,"ARIMA(1,0,1)"
2020-10-22,0.0019031761496843917,SPY,"ARIMA(1,0,1)"
2020-10-23,-0.0011790499973194607,SPY,"ARIMA(1,0,1)"
2020-10-26,0.00021824758811631408,SPY,"ARIMA(1,0,1)"
2020-10-27,0.006590352352129815,SPY,"ARIMA(1,0,1)"
2020-10-28,0.0002585559148733721,SPY,"ARIMA(1,0,1)"
2020-10-29,0.011237648861825732,SPY,"ARIMA(1,0,1)"
2020-10-30,-0.005288584651687433,SPY,"ARIMA(1,0,1)"
2020-11-02,0.0051266920481153975,SPY,"ARIMA(1,0,1)"
2020-11-03,-0.004093734374246181,SPY,"ARIMA(1,0,1)"
2020-11-04,-0.0037409133035945343,SPY,"ARIMA(1,0,1)"
2020-11-05,-0.005003603007486944,SPY,"ARIMA(1,0,1)"
2020-11-06,-0.003612141611327319,SPY,"ARIMA(1,0,1)"
2020-11-09,0.0018798307667670755,SPY,"ARIMA(1,0,1)"
2020-11-10,-0.003259235713238909,SPY,"ARIMA(1,0,1)"
2020-11-11,0.0022283015864207356,SPY,"ARIMA(1,0,1)"
2020-11-12,-0.001789171231945194,SPY,"ARIMA(1,0,1)"
2020-11-13,0.004318955502879096,SPY,"ARIMA(1,0,1)"
2020-11-16,-0.0042422325780891775,SPY,"ARIMA(1,0,1)"
2020-11-17,-0.0015895795478222368,SPY,"ARIMA(1,0,1)"
2020-11-18,0.003023930632250869,SPY,"ARIMA(1,0,1)"
2020-11-19,0.0037715796797492852,SPY,"ARIMA(1,0,1)"
2020-11-20,-0.0012478578273056916,SPY,"ARIMA(1,0,1)"
2020-11-23,0.0033196184449890516,SPY,"ARIMA(1,0,1)"
2020-11-24,-0.0016750405531569391,SPY,"ARIMA(1,0,1)"
2020-11-25,-0.003318756831129713,SPY,"ARIMA(1,0,1)"
2020-11-27,0.0023062391454418203,SPY,"ARIMA(1,0,1)"
2020-11-30,-0.0004245870481423312,SPY,"ARIMA(1,0,1)"
2020-12-01,0.002422918706551165,SPY,"ARIMA(1,0,1)"
2020-12-02,-0.0027819668930103634,SPY,"ARIMA(1,0,1)"
2020-12-03,0.00121864923536379,SPY,"ARIMA(1,0,1)"
2020-12-04,0.0008943045691130933,SPY,"ARIMA(1,0,1)"
2020-12-07,-0.001647952621943607,SPY,"ARIMA(1,0,1)"
2020-12-08,0.002135391786621743,SPY,"ARIMA(1,0,1)"
2020-12-09,-0.0002919394020234438,SPY,"ARIMA(1,0,1)"
2020-12-10,0.003852577484649058,SPY,"ARIMA(1,0,1)"
2020-12-11,0.0001759096214263915,SPY,"ARIMA(1,0,1)"
2020-12-14,0.0013167937833793858,SPY,"ARIMA(1,0,1)"
2020-12-15,0.001973347689949254,SPY,"ARIMA(1,0,1)"
2020-12-16,-0.0035179536923817794,SPY,"ARIMA(1,0,1)"
2020-12-17,0.0014392069483406603,SPY,"ARIMA(1,0,1)"
2020-12-18,-0.000989871649222837,SPY,"ARIMA(1,0,1)"
2020-12-21,0.002452319290795792,SPY,"ARIMA(1,0,1)"
2020-12-22,0.0014025222259819257,SPY,"ARIMA(1,0,1)"
2020-12-23,0.001082527209742271,SPY,"ARIMA(1,0,1)"
2020-12-24,0.0003875562852022343,SPY,"ARIMA(1,0,1)"
2020-12-28,-0.0003288743275275711,SPY,"ARIMA(1,0,1)"
2020-12-29,-0.0014894393087430365,SPY,"ARIMA(1,0,1)"
2020-12-30,0.0019558580622998597,SPY,"ARIMA(1,0,1)"
2020-12-31,6.356865052248729e-05,SPY,"ARIMA(1,0,1)"
2021-01-04,-0.000543617192547047,SPY,"ARIMA(1,0,1)"
2021-01-05,0.005170571258892893,SPY,"ARIMA(1,0,1)"
2021-01-06,-0.002417925623803804,SPY,"ARIMA(1,0,1)"
2021-01-07,-0.00016500397058590054,SPY,"ARIMA(1,0,1)"
2021-01-08,-0.0033026073850629316,SPY,"ARIMA(1,0,1)"
2021-01-11,0.00022832326884828045,SPY,"ARIMA(1,0,1)"
2021-01-12,0.0029830125705588542,SPY,"ARIMA(1,0,1)"
2021-01-13,0.00018390301373773075,SPY,"ARIMA(1,0,1)"
2021-01-14,0.00017509767135818273,SPY,"ARIMA(1,0,1)"
2021-01-15,0.0019815293428577015,SPY,"ARIMA(1,0,1)"
2021-01-19,0.002562824985271153,SPY,"ARIMA(1,0,1)"
2021-01-20,-0.002059580131633484,SPY,"ARIMA(1,0,1)"
2021-01-21,-0.002553274286202712,SPY,"ARIMA(1,0,1)"
2021-01-22,0.0014080245286553464,SPY,"ARIMA(1,0,1)"
2021-01-25,0.0016791601160117665,SPY,"ARIMA(1,0,1)"
2021-01-26,-0.0005336907517628044,SPY,"ARIMA(1,0,1)"
2021-01-27,0.0017314739706928075,SPY,"ARIMA(1,0,1)"
2021-01-28,0.007881678253237481,SPY,"ARIMA(1,0,1)"
2021-01-29,-0.0035331111248159994,SPY,"ARIMA(1,0,1)"
2021-02-01,0.007895250593249647,SPY,"ARIMA(1,0,1)"
2021-02-02,-0.005906730593178277,SPY,"ARIMA(1,0,1)"
2021-02-03,-0.0015918137150027177,SPY,"ARIMA(1,0,1)"
2021-02-04,0.0012016943127567989,SPY,"ARIMA(1,0,1)"
2021-02-05,-0.002667337037485476,SPY,"ARIMA(1,0,1)"
2021-02-08,0.0005281532497371204,SPY,"ARIMA(1,0,1)"
2021-02-09,-0.0011962739789305142,SPY,"ARIMA(1,0,1)"
2021-02-10,0.0015596062610506623,SPY,"ARIMA(1,0,1)"
2021-02-11,0.0007715190968691708,SPY,"ARIMA(1,0,1)"
2021-02-12,0.0003391118701866811,SPY,"ARIMA(1,0,1)"
2021-02-16,-0.0005180703237437064,SPY,"ARIMA(1,0,1)"
2021-02-17,0.001424748497202111,SPY,"ARIMA(1,0,1)"
2021-02-18,0.0006117153216882394,SPY,"ARIMA(1,0,1)"
2021-02-19,0.0021195891117933466,SPY,"ARIMA(1,0,1)"
2021-02-22,0.0010136100623660716,SPY,"ARIMA(1,0,1)"
2021-02-23,0.0031388941030916304,SPY,"ARIMA(1,0,1)"
2021-02-24,8.60764303255169e-05,SPY,"ARIMA(1,0,1)"
2021-02-25,-0.00192410383863252,SPY,"ARIMA(1,0,1)"
2021-02-26,0.009796203934747295,SPY,"ARIMA(1,0,1)"
2021-03-01,0.0006794359028366777,SPY,"ARIMA(1,0,1)"
2021-03-02,-0.006328967858071141,SPY,"ARIMA(1,0,1)"
2021-03-03,0.00553639743002237,SPY,"ARIMA(1,0,1)"
2021-03-04,0.004475366910822785,SPY,"ARIMA(1,0,1)"
2021-03-05,0.0041111090756716685,SPY,"ARIMA(1,0,1)"
2021-03-08,-0.0050240853642463746,SPY,"ARIMA(1,0,1)"
2021-03-09,0.004569884628654862,SPY,"ARIMA(1,0,1)"
2021-03-10,-0.00335909648754231,SPY,"ARIMA(1,0,1)"
2021-03-11,0.0013973127604651452,SPY,"ARIMA(1,0,1)"
2021-03-12,-0.0019990184588938257,SPY,"ARIMA(1,0,1)"
2021-03-15,0.002978454384593497,SPY,"ARIMA(1,0,1)"
2021-03-16,0.00020961039994492965,SPY,"ARIMA(1,0,1)"
2021-03-17,0.005484523543829896,SPY,"ARIMA(1,0,1)"
2021-03-18,0.001390603837503151,SPY,"ARIMA(1,0,1)"
2021-03-19,0.0030476535743985543,SPY,"ARIMA(1,0,1)"
2021-03-22,0.004167210963771309,SPY,"ARIMA(1,0,1)"
2021-03-23,0.0014610039890385657,SPY,"ARIMA(1,0,1)"
2021-03-24,0.004203150372997205,SPY,"ARIMA(1,0,1)"
2021-03-25,0.0026083328541946756,SPY,"ARIMA(1,0,1)"
2021-03-26,0.0009027374694994519,SPY,"ARIMA(1,0,1)"
2021-03-29,-0.00019020942600893364,SPY,"ARIMA(1,0,1)"
2021-03-30,0.0019799784684102102,SPY,"ARIMA(1,0,1)"
2021-03-31,0.001889821040616545,SPY,"ARIMA(1,0,1)"
2021-04-01,0.001331844714151851,SPY,"ARIMA(1,0,1)"
2021-04-05,0.0008769122543374449,SPY,"ARIMA(1,0,1)"
2021-04-06,0.0011281933760506312,SPY,"ARIMA(1,0,1)"
2021-04-07,0.002523157895787216,SPY,"ARIMA(1,0,1)"
2021-04-08,0.0016617695801621909,SPY,"ARIMA(1,0,1)"
2021-04-09,0.0014452066217825262,SPY,"ARIMA(1,0,1)"
2021-04-12,0.001135363373428456,SPY,"ARIMA(1,0,1)"
2021-04-13,0.0018654131171035922,SPY,"ARIMA(1,0,1)"
2021-04-14,0.0014476835163972988,SPY,"ARIMA(1,0,1)"
2021-04-15,0.002186007787576472,SPY,"ARIMA(1,0,1)"
2021-04-16,0.0004914123818494875,SPY,"ARIMA(1,0,1)"
2021-04-19,0.0014550927550693279,SPY,"ARIMA(1,0,1)"
2021-04-20,0.00063884190254455,SPY,"ARIMA(1,0,1)"
2021-04-21,0.00257425918529869,SPY,"ARIMA(1,0,1)"
2021-04-22,0.0018552475765703713,SPY,"ARIMA(1,0,1)"
2021-04-23,-0.0001510988916403333,SPY,"ARIMA(1,0,1)"
2021-04-26,0.0023158088589602475,SPY,"ARIMA(1,0,1)"
2021-04-27,0.0009365931825517757,SPY,"ARIMA(1,0,1)"
2021-04-28,0.002895934245444172,SPY,"ARIMA(1,0,1)"
2021-04-29,0.0017368296999526356,SPY,"ARIMA(1,0,1)"
2021-04-30,0.0010770497148971645,SPY,"ARIMA(1,0,1)"
2021-05-03,0.002282652157521416,SPY,"ARIMA(1,0,1)"
2021-05-04,0.0015947895660443304,SPY,"ARIMA(1,0,1)"
2021-05-05,0.0023283692649808422,SPY,"ARIMA(1,0,1)"
2021-05-06,0.001015212035646019,SPY,"ARIMA(1,0,1)"
2021-05-07,0.0010090471049119187,SPY,"ARIMA(1,0,1)"
2021-05-10,0.000991998535005771,SPY,"ARIMA(1,0,1)"
2021-05-11,0.002564776214038577,SPY,"ARIMA(1,0,1)"
2021-05-12,0.002502270940337794,SPY,"ARIMA(1,0,1)"
2021-05-13,0.004127705795629116,SPY,"ARIMA(1,0,1)"
2021-05-14,-0.002957565664503329,SPY,"ARIMA(1,0,1)"
2021-05-17,0.0009228594941898419,SPY,"ARIMA(1,0,1)"
2021-05-18,0.001304421047255737,SPY,"ARIMA(1,0,1)"
2021-05-19,0.0023641690758534712,SPY,"ARIMA(1,0,1)"
2021-05-20,0.0014457125280952425,SPY,"ARIMA(1,0,1)"
2021-05-21,0.0006006884079390016,SPY,"ARIMA(1,0,1)"
2021-05-24,0.0015728898052273438,SPY,"ARIMA(1,0,1)"
2021-05-25,0.0006858938098938561,SPY,"ARIMA(1,0,1)"
2021-05-26,0.0024566645178348764,SPY,"ARIMA(1,0,1)"
2021-05-27,0.0007367367461048274,SPY,"ARIMA(1,0,1)"
2021-05-28,0.0014200529006717232,SPY,"ARIMA(1,0,1)"
2021-06-01,0.0012974995923067025,SPY,"ARIMA(1,0,1)"
2021-06-02,0.0016829908984932911,SPY,"ARIMA(1,0,1)"
2021-06-03,0.0012695203324622943,SPY,"ARIMA(1,0,1)"
2021-06-04,0.001698115420720154,SPY,"ARIMA(1,0,1)"
2021-06-07,0.0005322220072863456,SPY,"ARIMA(1,0,1)"
2021-06-08,0.0013433792467535187,SPY,"ARIMA(1,0,1)"
2021-06-09,0.0007201715384375975,SPY,"ARIMA(1,0,1)"
2021-06-10,0.002151397216174742,SPY,"ARIMA(1,0,1)"
2021-06-11,0.00042872420852975456,SPY,"ARIMA(1,0,1)"
2021-06-14,0.002119597248329881,SPY,"ARIMA(1,0,1)"
2021-06-15,0.0007944122834534312,SPY,"ARIMA(1,0,1)"
2021-06-16,0.002158612608124436,SPY,"ARIMA(1,0,1)"
2021-06-17,0.0014829728074310215,SPY,"ARIMA(1,0,1)"
2021-06-18,0.0012787794036496283,SPY,"ARIMA(1,0,1)"
2021-06-21,0.002765135772516492,SPY,"ARIMA(1,0,1)"
2021-06-22,-0.001250565583815644,SPY,"ARIMA(1,0,1)"
2021-06-23,0.002634624675591685,SPY,"ARIMA(1,0,1)"
2021-06-24,0.000818191415404435,SPY,"ARIMA(1,0,1)"
2021-06-25,0.0013498660881785427,SPY,"ARIMA(1,0,1)"
2021-06-28,0.0013935461522292982,SPY,"ARIMA(1,0,1)"
2021-06-29,0.0015932299155916605,SPY,"ARIMA(1,0,1)"
2021-06-30,0.001384218824843506,SPY,"ARIMA(1,0,1)"
2021-07-01,0.0014413797355445363,SPY,"ARIMA(1,0,1)"
2021-07-02,0.0009094363053187859,SPY,"ARIMA(1,0,1)"
2021-07-06,0.0011597094587535942,SPY,"ARIMA(1,0,1)"
2021-07-07,0.0017352621344611668,SPY,"ARIMA(1,0,1)"
2021-07-08,0.0008236531173621807,SPY,"ARIMA(1,0,1)"
2021-07-09,0.0024615974445899766,SPY,"ARIMA(1,0,1)"
2021-07-12,-0.0002763467619313145,SPY,"ARIMA(1,0,1)"
2021-07-13,0.0026145903472853255,SPY,"ARIMA(1,0,1)"
2021-07-14,0.0008214566472951703,SPY,"ARIMA(1,0,1)"
2021-07-15,0.001693900373913433,SPY,"ARIMA(1,0,1)"
2021-07-16,0.0012440928163846145,SPY,"ARIMA(1,0,1)"
2021-07-19,0.0019676917824336263,SPY,"ARIMA(1,0,1)"
2021-07-20,0.0017361864366131317,SPY,"ARIMA(1,0,1)"
2021-07-21,-0.000522841865701357,SPY,"ARIMA(1,0,1)"
2021-07-22,0.0020035612855695325,SPY,"ARIMA(1,0,1)"
2021-07-23,0.0004757248636469765,SPY,"ARIMA(1,0,1)"
2021-07-26,0.0011401985489756423,SPY,"ARIMA(1,0,1)"
2021-07-27,0.0013533597238011782,SPY,"ARIMA(1,0,1)"
2021-07-28,0.001687111205515811,SPY,"ARIMA(1,0,1)"
2021-07-29,0.001084006249071253,SPY,"ARIMA(1,0,1)"
2021-07-30,0.0012716842292415675,SPY,"ARIMA(1,0,1)"
2021-08-02,0.001753738953026008,SPY,"ARIMA(1,0,1)"
2021-08-03,0.0010646253721222426,SPY,"ARIMA(1,0,1)"
2021-08-04,0.0008105205343123666,SPY,"ARIMA(1,0,1)"
2021-08-05,0.0020132282111462365,SPY,"ARIMA(1,0,1)"
2021-08-06,0.00011447392367873585,SPY,"ARIMA(1,0,1)"
2021-08-09,0.0019347765409173337,SPY,"ARIMA(1,0,1)"
2021-08-10,0.000766323939868111,SPY,"ARIMA(1,0,1)"
2021-08-11,0.0015141612074186662,SPY,"ARIMA(1,0,1)"
2021-08-12,0.0007568648716586308,SPY,"ARIMA(1,0,1)"
2021-08-13,0.0013959353182926718,SPY,"ARIMA(1,0,1)"
2021-08-16,0.0009208674697895829,SPY,"ARIMA(1,0,1)"
2021-08-17,0.0013062274814132195,SPY,"ARIMA(1,0,1)"
2021-08-18,0.0016080006738836469,SPY,"ARIMA(1,0,1)"
2021-08-19,0.0016478650841759608,SPY,"ARIMA(1,0,1)"
2021-08-20,0.0006365640575397183,SPY,"ARIMA(1,0,1)"
2021-08-23,0.0010385807152075066,SPY,"ARIMA(1,0,1)"
2021-08-24,0.0006514961563608747,SPY,"ARIMA(1,0,1)"
2021-08-25,0.0015351830802531519,SPY,"ARIMA(1,0,1)"
2021-08-26,0.0007166409351876448,SPY,"ARIMA(1,0,1)"
2021-08-27,0.00188924309494166,SPY,"ARIMA(1,0,1)"
2021-08-30,-0.00016025430924234167,SPY,"ARIMA(1,0,1)"
2021-08-31,0.0021722440254829914,SPY,"ARIMA(1,0,1)"
2021-09-01,0.001252857708275431,SPY,"ARIMA(1,0,1)"
2021-09-02,0.0010812682939927588,SPY,"ARIMA(1,0,1)"
2021-09-03,0.0008147273094424323,SPY,"ARIMA(1,0,1)"
2021-09-07,0.0012931295475487425,SPY,"ARIMA(1,0,1)"
2021-09-08,0.0015744540793252312,SPY,"ARIMA(1,0,1)"
2021-09-09,0.001321626757779494,SPY,"ARIMA(1,0,1)"
2021-09-10,0.0014429864662249543,SPY,"ARIMA(1,0,1)"
2021-09-13,0.001521860062220868,SPY,"ARIMA(1,0,1)"
2021-09-14,0.0008925254631986917,SPY,"ARIMA(1,0,1)"
2021-09-15,0.0017928857537889322,SPY,"ARIMA(1,0,1)"
2021-09-16,0.00020994283073718376,SPY,"ARIMA(1,0,1)"
2021-09-17,0.0018612445744264012,SPY,"ARIMA(1,0,1)"
2021-09-20,0.0016989258668654245,SPY,"ARIMA(1,0,1)"
2021-09-21,0.001836000894909906,SPY,"ARIMA(1,0,1)"
2021-09-22,0.0007538065780155036,SPY,"ARIMA(1,0,1)"
2021-09-23,0.0011985485391953043,SPY,"ARIMA(1,0,1)"
2021-09-24,0.0013125513404045064,SPY,"ARIMA(1,0,1)"
2021-09-27,0.002254185595852844,SPY,"ARIMA(1,0,1)"
2021-09-28,0.0013891698260178698,SPY,"ARIMA(1,0,1)"
2021-09-29,0.0010844874519137769,SPY,"ARIMA(1,0,1)"
2021-09-30,0.0011157208369534433,SPY,"ARIMA(1,0,1)"
2021-10-01,0.0010352705979137893,SPY,"ARIMA(1,0,1)"
2021-10-04,0.0010572327328681294,SPY,"ARIMA(1,0,1)"
2021-10-05,0.001043751215298549,SPY,"ARIMA(1,0,1)"
2021-10-06,0.001014943670946609,SPY,"ARIMA(1,0,1)"
2021-10-07,0.001088264418173488,SPY,"ARIMA(1,0,1)"
2021-10-08,0.0010550481698774375,SPY,"ARIMA(1,0,1)"
2021-10-11,0.0010128242751057193,SPY,"ARIMA(1,0,1)"
2021-10-12,0.0009487034699318731,SPY,"ARIMA(1,0,1)"
2021-10-13,0.0008734638236064174,SPY,"ARIMA(1,0,1)"
2021-10-14,0.0009158044626444773,SPY,"ARIMA(1,0,1)"
2021-10-15,0.0010069011317857379,SPY,"ARIMA(1,0,1)"
2021-10-18,0.001041971965059189,SPY,"ARIMA(1,0,1)"
2021-10-19,0.001056154777414177,SPY,"ARIMA(1,0,1)"
2021-10-20,0.0011486906780722303,SPY,"ARIMA(1,0,1)"
2021-10-21,0.0011466347846562038,SPY,"ARIMA(1,0,1)"
2021-10-22,0.0011642859408615368,SPY,"ARIMA(1,0,1)"
2021-10-25,0.0011382113898847736,SPY,"ARIMA(1,0,1)"
2021-10-26,0.0011459640538412773,SPY,"ARIMA(1,0,1)"
2021-10-27,0.0011235937045445705,SPY,"ARIMA(1,0,1)"
2021-10-28,0.0012196637693177525,SPY,"ARIMA(1,0,1)"
2021-10-29,0.0013955865819062472,SPY,"ARIMA(1,0,1)"
2021-11-01,0.0013641423723482668,SPY,"ARIMA(1,0,1)"
2021-11-02,0.001412555385840527,SPY,"ARIMA(1,0,1)"
2021-11-03,0.0013843331259821017,SPY,"ARIMA(1,0,1)"
2021-11-04,0.0013381699584726207,SPY,"ARIMA(1,0,1)"
2021-11-05,0.000981604509460237,SPY,"ARIMA(1,0,1)"
2021-11-08,0.0010230540600068045,SPY,"ARIMA(1,0,1)"
2021-11-09,0.0012102720563870273,SPY,"ARIMA(1,0,1)"
2021-11-10,0.0011480468500614455,SPY,"ARIMA(1,0,1)"
2021-11-11,0.0009168733906518109,SPY,"ARIMA(1,0,1)"
2021-11-12,0.0011640074575606076,SPY,"ARIMA(1,0,1)"
2021-11-15,0.0008115280709828187,SPY,"ARIMA(1,0,1)"
2021-11-16,0.0011090532132889354,SPY,"ARIMA(1,0,1)"
2021-11-17,0.001075490696488152,SPY,"ARIMA(1,0,1)"
2021-11-18,0.0010872531040617532,SPY,"ARIMA(1,0,1)"
2021-11-19,0.001148731556136695,SPY,"ARIMA(1,0,1)"
2021-11-22,0.0011249928156418113,SPY,"ARIMA(1,0,1)"
2021-11-23,0.0011410945289008513,SPY,"ARIMA(1,0,1)"
2021-11-24,0.001122599259763738,SPY,"ARIMA(1,0,1)"
2021-11-26,0.0009660766668754895,SPY,"ARIMA(1,0,1)"
2021-11-29,0.0009874864704078046,SPY,"ARIMA(1,0,1)"
2021-11-30,0.0016174407946926905,SPY,"ARIMA(1,0,1)"
2021-12-01,0.0038332774673286232,SPY,"ARIMA(1,0,1)"
2021-12-02,0.0018284134367730887,SPY,"ARIMA(1,0,1)"
2021-12-03,0.0029979740713685036,SPY,"ARIMA(1,0,1)"
2021-12-06,0.003986653463299207,SPY,"ARIMA(1,0,1)"
2021-12-07,0.001996481167942042,SPY,"ARIMA(1,0,1)"
2021-12-08,0.0013311754304245627,SPY,"ARIMA(1,0,1)"
2021-12-09,0.001441658489518779,SPY,"ARIMA(1,0,1)"
2021-12-10,0.0016347399954426496,SPY,"ARIMA(1,0,1)"
2021-12-13,0.0006372924290236851,SPY,"ARIMA(1,0,1)"
2021-12-14,0.0014673409521134672,SPY,"ARIMA(1,0,1)"
2021-12-15,0.0026022993980505103,SPY,"ARIMA(1,0,1)"
2021-12-16,0.0004340687190287449,SPY,"ARIMA(1,0,1)"
2021-12-17,0.0013640122190529146,SPY,"ARIMA(1,0,1)"
2021-12-20,0.0023335382868817224,SPY,"ARIMA(1,0,1)"
2021-12-21,0.003213809797447424,SPY,"ARIMA(1,0,1)"
2021-12-22,0.00176600108329358,SPY,"ARIMA(1,0,1)"
2021-12-23,0.0013905139532845315,SPY,"ARIMA(1,0,1)"
2021-12-27,0.0015503476236073707,SPY,"ARIMA(1,0,1)"
2021-12-28,-0.00033178791033679125,SPY,"ARIMA(1,0,1)"
2021-12-29,-0.000129570654594016,SPY,"ARIMA(1,0,1)"
2021-12-30,2.6807015145332907e-05,SPY,"ARIMA(1,0,1)"
2021-12-31,0.0008063271999606323,SPY,"ARIMA(1,0,1)"
2022-01-03,0.001069735555772374,SPY,"ARIMA(1,0,1)"
2022-01-04,0.00037151600643400384,SPY,"ARIMA(1,0,1)"
2022-01-05,0.00036811494778915424,SPY,"ARIMA(1,0,1)"
2022-01-06,0.002301848039491061,SPY,"ARIMA(1,0,1)"
2022-01-07,0.0024360311807536785,SPY,"ARIMA(1,0,1)"
2022-01-10,0.002198361240148175,SPY,"ARIMA(1,0,1)"
2022-01-11,0.002190219422780485,SPY,"ARIMA(1,0,1)"
2022-01-12,0.0014843028406028099,SPY,"ARIMA(1,0,1)"
2022-01-13,0.0012407931234035582,SPY,"ARIMA(1,0,1)"
2022-01-14,0.0022023023412119855,SPY,"ARIMA(1,0,1)"
2022-01-18,0.0021306411602100327,SPY,"ARIMA(1,0,1)"
2022-01-19,0.003757172353269892,SPY,"ARIMA(1,0,1)"
2022-01-20,0.0037526240563778867,SPY,"ARIMA(1,0,1)"
2022-01-21,0.0029356238162143856,SPY,"ARIMA(1,0,1)"
2022-01-24,0.002216810163517242,SPY,"ARIMA(1,0,1)"
2022-01-25,0.0010716220231455683,SPY,"ARIMA(1,0,1)"
2022-01-26,0.0011088919975034998,SPY,"ARIMA(1,0,1)"
2022-01-27,0.0006369039297334159,SPY,"ARIMA(1,0,1)"
2022-01-28,0.0006460286492650814,SPY,"ARIMA(1,0,1)"
2022-01-31,0.0006373009793234326,SPY,"ARIMA(1,0,1)"
2022-02-01,0.0008476260412285592,SPY,"ARIMA(1,0,1)"
2022-02-02,0.0008657167689163219,SPY,"ARIMA(1,0,1)"
2022-02-03,0.0008537598664792407,SPY,"ARIMA(1,0,1)"
2022-02-04,0.0006269778095974539,SPY,"ARIMA(1,0,1)"
2022-02-07,0.0006300019873968935,SPY,"ARIMA(1,0,1)"
2022-02-08,0.0005886836627733591,SPY,"ARIMA(1,0,1)"
2022-02-09,0.0006238504738122968,SPY,"ARIMA(1,0,1)"
2022-02-10,0.0006832430050382267,SPY,"ARIMA(1,0,1)"
2022-02-11,0.000604912493379666,SPY,"ARIMA(1,0,1)"
2022-02-14,0.0004836084127273196,SPY,"ARIMA(1,0,1)"
2022-02-15,0.0003449300624662691,SPY,"ARIMA(1,0,1)"
2022-02-16,0.0005593194011408097,SPY,"ARIMA(1,0,1)"
2022-02-17,0.0006605147657139431,SPY,"ARIMA(1,0,1)"
2022-02-18,0.0005521861602329908,SPY,"ARIMA(1,0,1)"
2022-02-22,1.1396619679043536e-05,SPY,"ARIMA(1,0,1)"
2022-02-23,0.0014357683860712657,SPY,"ARIMA(1,0,1)"
2022-02-24,0.001066524382165908,SPY,"ARIMA(1,0,1)"
2022-02-25,0.0004994183518152354,SPY,"ARIMA(1,0,1)"
2022-02-28,8.81712874865457e-05,SPY,"ARIMA(1,0,1)"
2022-03-01,0.0006819672425491187,SPY,"ARIMA(1,0,1)"
2022-03-02,0.0008485873477788064,SPY,"ARIMA(1,0,1)"
2022-03-03,0.0003670949192387654,SPY,"ARIMA(1,0,1)"
2022-03-04,0.0005463277129543508,SPY,"ARIMA(1,0,1)"
2022-03-07,0.00022141638346084467,SPY,"ARIMA(1,0,1)"
2022-03-08,-0.0009739644878282545,SPY,"ARIMA(1,0,1)"
2022-03-09,-0.0003675695930927168,SPY,"ARIMA(1,0,1)"
2022-03-10,0.0004182294139474036,SPY,"ARIMA(1,0,1)"
2022-03-11,0.00041381832706283356,SPY,"ARIMA(1,0,1)"
2022-03-14,-0.00017490873331548027,SPY,"ARIMA(1,0,1)"
2022-03-15,6.570672814576917e-05,SPY,"ARIMA(1,0,1)"
2022-03-16,0.0009466238900647273,SPY,"ARIMA(1,0,1)"
2022-03-17,0.0018048390232676076,SPY,"ARIMA(1,0,1)"
2022-03-18,0.0015841586190206139,SPY,"ARIMA(1,0,1)"
2022-03-21,0.0013732039546843879,SPY,"ARIMA(1,0,1)"
2022-03-22,0.0005176653291820349,SPY,"ARIMA(1,0,1)"
2022-03-23,0.0014227328615286756,SPY,"ARIMA(1,0,1)"
2022-03-24,-0.00022522451308159717,SPY,"ARIMA(1,0,1)"
2022-03-25,0.0012824610754473406,SPY,"ARIMA(1,0,1)"
2022-03-28,0.0009630233446361949,SPY,"ARIMA(1,0,1)"
2022-03-29,0.0010621461911710206,SPY,"ARIMA(1,0,1)"
2022-03-30,0.0013578611449532759,SPY,"ARIMA(1,0,1)"
2022-03-31,0.0004254813184080597,SPY,"ARIMA(1,0,1)"
2022-04-01,-0.0004335611376889947,SPY,"ARIMA(1,0,1)"
2022-04-04,0.00041472201367194613,SPY,"ARIMA(1,0,1)"
2022-04-05,0.0009327330287162433,SPY,"ARIMA(1,0,1)"
2022-04-06,-0.0001082224194993041,SPY,"ARIMA(1,0,1)"
2022-04-07,-0.00026616198699607455,SPY,"ARIMA(1,0,1)"
2022-04-08,0.0005580905440256919,SPY,"ARIMA(1,0,1)"
2022-04-11,0.0002352962840640284,SPY,"ARIMA(1,0,1)"
2022-04-12,-0.0007028281079312366,SPY,"ARIMA(1,0,1)"
2022-04-13,3.143853559268756e-05,SPY,"ARIMA(1,0,1)"
2022-04-14,0.0009274802439320623,SPY,"ARIMA(1,0,1)"
2022-04-18,-0.0004304118912173911,SPY,"ARIMA(1,0,1)"
2022-04-19,0.00027841321164564234,SPY,"ARIMA(1,0,1)"
2022-04-20,0.0013367553912652097,SPY,"ARIMA(1,0,1)"
2022-04-21,0.000116520376625437,SPY,"ARIMA(1,0,1)"
2022-04-22,-0.0006504387822203342,SPY,"ARIMA(1,0,1)"
2022-04-25,-0.001981037128079094,SPY,"ARIMA(1,0,1)"
2022-04-26,0.0007232718336995489,SPY,"ARIMA(1,0,1)"
2022-04-27,-0.0020901659682652563,SPY,"ARIMA(1,0,1)"
2022-04-28,0.0004379881853274098,SPY,"ARIMA(1,0,1)"
2022-04-29,0.0016245531005678509,SPY,"ARIMA(1,0,1)"
2022-05-02,-0.001228368892894584,SPY,"ARIMA(1,0,1)"
2022-05-03,0.00021886088978680853,SPY,"ARIMA(1,0,1)"
2022-05-04,7.369362808032427e-05,SPY,"ARIMA(1,0,1)"
2022-05-05,0.00028662796910246274,SPY,"ARIMA(1,0,1)"
2022-05-06,0.0005749026153411731,SPY,"ARIMA(1,0,1)"
2022-05-09,0.00039553700143445326,SPY,"ARIMA(1,0,1)"
2022-05-10,-0.00014296630185922494,SPY,"ARIMA(1,0,1)"
2022-05-11,-9.827247020340773e-05,SPY,"ARIMA(1,0,1)"
2022-05-12,-7.653601371279926e-05,SPY,"ARIMA(1,0,1)"
2022-05-13,-0.00012704001849286816,SPY,"ARIMA(1,0,1)"
2022-05-16,-9.476730631731373e-05,SPY,"ARIMA(1,0,1)"
2022-05-17,-0.00010073010950474671,SPY,"ARIMA(1,0,1)"
2022-05-18,1.4520123470646411e-05,SPY,"ARIMA(1,0,1)"
2022-05-19,0.0018715490392069319,SPY,"ARIMA(1,0,1)"
2022-05-20,5.586400018346184e-05,SPY,"ARIMA(1,0,1)"
2022-05-23,-0.000201676315752061,SPY,"ARIMA(1,0,1)"
2022-05-24,-0.00016853361204919126,SPY,"ARIMA(1,0,1)"
2022-05-25,0.0001079745196011144,SPY,"ARIMA(1,0,1)"
2022-05-26,-0.00016301011631087185,SPY,"ARIMA(1,0,1)"
2022-05-27,-8.861914846357897e-05,SPY,"ARIMA(1,0,1)"
2022-05-31,-0.0005458233215832935,SPY,"ARIMA(1,0,1)"
2022-06-01,-1.461116425089464e-05,SPY,"ARIMA(1,0,1)"
2022-06-02,0.0001480039479723171,SPY,"ARIMA(1,0,1)"
2022-06-03,3.63697789849259e-05,SPY,"ARIMA(1,0,1)"
2022-06-06,0.000540101745139458,SPY,"ARIMA(1,0,1)"
2022-06-07,-0.0001601665616731006,SPY,"ARIMA(1,0,1)"
2022-06-08,-0.0003815682016983246,SPY,"ARIMA(1,0,1)"
2022-06-09,0.0003860491546640914,SPY,"ARIMA(1,0,1)"
2022-06-10,-0.00016393397554266442,SPY,"ARIMA(1,0,1)"
2022-06-13,-0.0002869833179078458,SPY,"ARIMA(1,0,1)"
2022-06-14,-0.0015995074393860042,SPY,"ARIMA(1,0,1)"
2022-06-15,-0.0006453517038718297,SPY,"ARIMA(1,0,1)"
2022-06-16,0.11232778733924897,SPY,"ARIMA(1,0,1)"
2022-06-17,-0.0009617349183351887,SPY,"ARIMA(1,0,1)"
2022-06-21,-0.0004456437071900686,SPY,"ARIMA(1,0,1)"
2022-06-22,-0.00014823614935115714,SPY,"ARIMA(1,0,1)"
2022-06-23,-0.00038502268895920273,SPY,"ARIMA(1,0,1)"
2022-06-24,-0.00028624270231724156,SPY,"ARIMA(1,0,1)"
2022-06-27,0.0001584092535372321,SPY,"ARIMA(1,0,1)"
2022-06-28,-0.0005111221286506094,SPY,"ARIMA(1,0,1)"
2022-06-29,-0.0006932962804446113,SPY,"ARIMA(1,0,1)"
2022-06-30,-0.00036427051052956977,SPY,"ARIMA(1,0,1)"
2022-07-01,-0.0005753489187983218,SPY,"ARIMA(1,0,1)"
2022-07-05,-0.00028482972132622093,SPY,"ARIMA(1,0,1)"
2022-07-06,-0.00043244436581418063,SPY,"ARIMA(1,0,1)"
2022-07-07,-0.000368559548851303,SPY,"ARIMA(1,0,1)"
2022-07-08,-0.00013766256994006258,SPY,"ARIMA(1,0,1)"
2022-07-11,-0.0004162523768692115,SPY,"ARIMA(1,0,1)"
2022-07-12,-0.0006274953610351993,SPY,"ARIMA(1,0,1)"
2022-07-13,-0.0006254682158303537,SPY,"ARIMA(1,0,1)"
2022-07-14,-0.0005737617482312514,SPY,"ARIMA(1,0,1)"
2022-07-15,-0.0005528403672503932,SPY,"ARIMA(1,0,1)"
2022-07-18,2.4704814564295964e-06,SPY,"ARIMA(1,0,1)"
2022-07-19,-0.000587298076045037,SPY,"ARIMA(1,0,1)"
2022-07-20,-2.024721516118963e-05,SPY,"ARIMA(1,0,1)"
2022-07-21,-0.00023464556189692527,SPY,"ARIMA(1,0,1)"
2022-07-22,-0.0001447376756447543,SPY,"ARIMA(1,0,1)"
2022-07-25,-0.00038967905794019017,SPY,"ARIMA(1,0,1)"
2022-07-26,-0.000366525049185426,SPY,"ARIMA(1,0,1)"
2022-07-27,-0.000541605541730085,SPY,"ARIMA(1,0,1)"
2022-07-28,-0.0003059699420837414,SPY,"ARIMA(1,0,1)"
2022-07-29,1.963590980521776e-05,SPY,"ARIMA(1,0,1)"
2022-08-01,-0.0003860438375036968,SPY,"ARIMA(1,0,1)"
2022-08-02,6.855668676028837e-05,SPY,"ARIMA(1,0,1)"
2022-08-03,-0.00021105269001978172,SPY,"ARIMA(1,0,1)"
2022-08-04,3.032306173940367e-05,SPY,"ARIMA(1,0,1)"
2022-08-05,-5.6714273235050524e-05,SPY,"ARIMA(1,0,1)"
2022-08-08,-0.00016846940499522486,SPY,"ARIMA(1,0,1)"
2022-08-09,-0.0002096752053355828,SPY,"ARIMA(1,0,1)"
2022-08-10,-0.0002806853230675585,SPY,"ARIMA(1,0,1)"
2022-08-11,-0.0005020076528085832,SPY,"ARIMA(1,0,1)"
2022-08-12,-0.00044298574474741696,SPY,"ARIMA(1,0,1)"
2022-08-15,-0.0010581629942566899,SPY,"ARIMA(1,0,1)"
2022-08-16,0.00013503083770095002,SPY,"ARIMA(1,0,1)"
2022-08-17,0.00014588437471359285,SPY,"ARIMA(1,0,1)"
2022-08-18,-0.0005198221008207846,SPY,"ARIMA(1,0,1)"
2022-08-19,2.1873368776092615e-05,SPY,"ARIMA(1,0,1)"
2022-08-22,-0.00011096706589316007,SPY,"ARIMA(1,0,1)"
2022-08-23,-0.0006135628792804629,SPY,"ARIMA(1,0,1)"
2022-08-24,-0.0004160293998239518,SPY,"ARIMA(1,0,1)"
2022-08-25,-0.0002474079529265082,SPY,"ARIMA(1,0,1)"
2022-08-26,2.8660003790972405e-05,SPY,"ARIMA(1,0,1)"
2022-08-29,-0.0003305034646006311,SPY,"ARIMA(1,0,1)"
2022-08-30,-0.00040725414636742096,SPY,"ARIMA(1,0,1)"
2022-08-31,-0.0008889208745982056,SPY,"ARIMA(1,0,1)"
2022-09-01,-0.0006877157100349429,SPY,"ARIMA(1,0,1)"
2022-09-02,-0.0005511297160189524,SPY,"ARIMA(1,0,1)"
2022-09-06,-0.0006646612778909961,SPY,"ARIMA(1,0,1)"
2022-09-07,-0.000628257857340629,SPY,"ARIMA(1,0,1)"
2022-09-08,-0.00032527400691950394,SPY,"ARIMA(1,0,1)"
2022-09-09,-0.00040142259406923485,SPY,"ARIMA(1,0,1)"
2022-09-12,-4.375427705479102e-05,SPY,"ARIMA(1,0,1)"
2022-09-13,-2.037320592782922e-05,SPY,"ARIMA(1,0,1)"
2022-09-14,3.264440099480536e-05,SPY,"ARIMA(1,0,1)"
2022-09-15,-0.00041581517308544023,SPY,"ARIMA(1,0,1)"
2022-09-16,-0.0004956603309234116,SPY,"ARIMA(1,0,1)"
2022-09-19,-0.0005779476690539769,SPY,"ARIMA(1,0,1)"
2022-09-20,-0.0004493766862973663,SPY,"ARIMA(1,0,1)"
2022-09-21,-0.0004280755034226255,SPY,"ARIMA(1,0,1)"
2022-09-22,-0.0004940400145353478,SPY,"ARIMA(1,0,1)"
2022-09-23,-0.0003353041989748685,SPY,"ARIMA(1,0,1)"
2022-09-26,-0.0008243929252494374,SPY,"ARIMA(1,0,1)"
2022-09-27,-0.0009488998082377871,SPY,"ARIMA(1,0,1)"
2022-09-28,-0.0007588074924847576,SPY,"ARIMA(1,0,1)"
2022-09-29,-0.0002777314309237495,SPY,"ARIMA(1,0,1)"
2022-09-30,-0.0006582433477196753,SPY,"ARIMA(1,0,1)"
2022-10-03,-0.00022794100874839822,SPY,"ARIMA(1,0,1)"
2022-10-04,-0.0006092570615065755,SPY,"ARIMA(1,0,1)"
2022-10-05,-1.2693228607503298e-05,SPY,"ARIMA(1,0,1)"
2022-10-06,-0.0007883043478049235,SPY,"ARIMA(1,0,1)"
2022-10-07,-0.0006652084211500402,SPY,"ARIMA(1,0,1)"
2022-10-10,-0.0014510567782902502,SPY,"ARIMA(1,0,1)"
2022-10-11,-0.00070257102638379,SPY,"ARIMA(1,0,1)"
2022-10-12,-0.0009267222874709394,SPY,"ARIMA(1,0,1)"
2022-10-13,-0.0007156564475294066,SPY,"ARIMA(1,0,1)"
2022-10-14,0.00012594013648900353,SPY,"ARIMA(1,0,1)"
2022-10-17,-0.0011392918724223338,SPY,"ARIMA(1,0,1)"
2022-10-18,-0.0006875295193874291,SPY,"ARIMA(1,0,1)"
2022-10-19,-0.0005796516471945718,SPY,"ARIMA(1,0,1)"
2022-10-20,-0.0007837532563891497,SPY,"ARIMA(1,0,1)"
2022-10-21,-0.0008503455627753551,SPY,"ARIMA(1,0,1)"
2022-10-24,-0.0006199867596693976,SPY,"ARIMA(1,0,1)"
2022-10-25,-0.0005465784344197483,SPY,"ARIMA(1,0,1)"
2022-10-26,-0.00038754674801654606,SPY,"ARIMA(1,0,1)"
2022-10-27,-0.0007244386541180344,SPY,"ARIMA(1,0,1)"
2022-10-28,-0.0007083276688577455,SPY,"ARIMA(1,0,1)"
2022-10-31,-0.0003490882406752832,SPY,"ARIMA(1,0,1)"
2022-11-01,-0.0006720965524752881,SPY,"ARIMA(1,0,1)"
2022-11-02,-0.0006769775761442567,SPY,"ARIMA(1,0,1)"
2022-11-03,-0.0009455997164482718,SPY,"ARIMA(1,0,1)"
2022-11-04,-0.0009797517014098521,SPY,"ARIMA(1,0,1)"
2022-11-07,-0.0006954253542728944,SPY,"ARIMA(1,0,1)"
2022-11-08,-0.0006368116821200695,SPY,"ARIMA(1,0,1)"
2022-11-09,-0.0006504263011510501,SPY,"ARIMA(1,0,1)"
2022-11-10,-0.0009823880774864208,SPY,"ARIMA(1,0,1)"
2022-11-11,-0.0021504196381811023,SPY,"ARIMA(1,0,1)"
2022-11-14,-0.0010546816439186008,SPY,"ARIMA(1,0,1)"
2022-11-15,-0.0006096225050699054,SPY,"ARIMA(1,0,1)"
2022-11-16,-0.0005991917172068877,SPY,"ARIMA(1,0,1)"
2022-11-17,-0.0006020438803627114,SPY,"ARIMA(1,0,1)"
2022-11-18,-0.0006130149169940122,SPY,"ARIMA(1,0,1)"
2022-11-21,-0.0006374573323459679,SPY,"ARIMA(1,0,1)"
2022-11-22,-0.0006030289368670847,SPY,"ARIMA(1,0,1)"
2022-11-23,-0.0007691204953518447,SPY,"ARIMA(1,0,1)"
2022-11-25,-0.0005168734448598298,SPY,"ARIMA(1,0,1)"
2022-11-28,-0.0005540817154722922,SPY,"ARIMA(1,0,1)"
2022-11-29,-0.0005868118677800472,SPY,"ARIMA(1,0,1)"
2022-11-30,-0.0006133830509027412,SPY,"ARIMA(1,0,1)"
2022-12-01,-0.000647624817061086,SPY,"ARIMA(1,0,1)"
2022-12-02,-0.0003125500542827414,SPY,"ARIMA(1,0,1)"
2022-12-05,-0.00041161502494716786,SPY,"ARIMA(1,0,1)"
2022-12-06,-0.00019045930171331067,SPY,"ARIMA(1,0,1)"
2022-12-07,-0.00031931186630977995,SPY,"ARIMA(1,0,1)"
2022-12-08,-0.0004966980396357466,SPY,"ARIMA(1,0,1)"
2022-12-09,-0.0007011432818399589,SPY,"ARIMA(1,0,1)"
2022-12-12,-0.0005479767367562317,SPY,"ARIMA(1,0,1)"
2022-12-13,-0.0008772471374761832,SPY,"ARIMA(1,0,1)"
2022-12-14,-0.0007617428718347157,SPY,"ARIMA(1,0,1)"
2022-12-15,-0.0005246422427871521,SPY,"ARIMA(1,0,1)"
2022-12-16,-0.0003866107070803822,SPY,"ARIMA(1,0,1)"
2022-12-19,-0.0006046468576148234,SPY,"ARIMA(1,0,1)"
2022-12-20,-0.000753638772119808,SPY,"ARIMA(1,0,1)"
2022-12-21,-0.0006687934656346331,SPY,"ARIMA(1,0,1)"
2022-12-22,-0.0007916376054555574,SPY,"ARIMA(1,0,1)"
2022-12-23,-0.0006054396060784035,SPY,"ARIMA(1,0,1)"
2022-12-27,-0.0008228666751581519,SPY,"ARIMA(1,0,1)"
2022-12-28,-0.0007810142971699851,SPY,"ARIMA(1,0,1)"
2022-12-29,-0.0006023276998115203,SPY,"ARIMA(1,0,1)"
2022-12-30,-0.001144940137348722,SPY,"ARIMA(1,0,1)"
2023-01-03,-0.002303958984313234,SPY,"ARIMA(1,0,1)"
2023-01-04,-0.0007891979232465332,SPY,"ARIMA(1,0,1)"
2023-01-05,-0.0010133298985012286,SPY,"ARIMA(1,0,1)"
2023-01-06,-0.0006655134688625937,SPY,"ARIMA(1,0,1)"
2023-01-09,-0.001409958776595709,SPY,"ARIMA(1,0,1)"
2023-01-10,-0.0011779919645041996,SPY,"ARIMA(1,0,1)"
2023-01-11,-0.002941127464926827,SPY,"ARIMA(1,0,1)"
2023-01-12,-0.001286081612587764,SPY,"ARIMA(1,0,1)"
2023-01-13,-0.003320360663038089,SPY,"ARIMA(1,0,1)"
2023-01-17,-0.0009385467185655876,SPY,"ARIMA(1,0,1)"
2023-01-18,-0.0007453064939829463,SPY,"ARIMA(1,0,1)"
2023-01-19,-0.0003084237931691939,SPY,"ARIMA(1,0,1)"
2023-01-20,-0.0024834417607902575,SPY,"ARIMA(1,0,1)"
2023-01-23,-0.0030702825292843417,SPY,"ARIMA(1,0,1)"
2023-01-24,-0.0012384808779850893,SPY,"ARIMA(1,0,1)"
2023-01-25,-0.003129055996369751,SPY,"ARIMA(1,0,1)"
2023-01-26,-0.0006855987710339814,SPY,"ARIMA(1,0,1)"
2023-01-27,-0.0007495091558206821,SPY,"ARIMA(1,0,1)"
2023-01-30,-0.0032012133313937315,SPY,"ARIMA(1,0,1)"
2023-01-31,-6.437913584272323e-05,SPY,"ARIMA(1,0,1)"
2023-02-01,-0.0009040856797048989,SPY,"ARIMA(1,0,1)"
2023-02-02,-0.0012860175752671917,SPY,"ARIMA(1,0,1)"
2023-02-03,-0.0014920430638345203,SPY,"ARIMA(1,0,1)"
2023-02-06,-0.00047535016632298477,SPY,"ARIMA(1,0,1)"
2023-02-07,-7.652911265767988e-05,SPY,"ARIMA(1,0,1)"
2023-02-08,-0.0009291430472349216,SPY,"ARIMA(1,0,1)"
2023-02-09,-0.002925453513044548,SPY,"ARIMA(1,0,1)"
2023-02-10,2.246515366937545e-05,SPY,"ARIMA(1,0,1)"
2023-02-13,-0.0003065096093517772,SPY,"ARIMA(1,0,1)"
2023-02-14,-0.0006767411181636345,SPY,"ARIMA(1,0,1)"
2023-02-15,-0.00036944644686963694,SPY,"ARIMA(1,0,1)"
2023-02-16,-0.0003841852753101839,SPY,"ARIMA(1,0,1)"
2023-02-17,0.00010049517260692922,SPY,"ARIMA(1,0,1)"
2023-02-21,1.7020246273825087e-06,SPY,"ARIMA(1,0,1)"
2023-02-22,-0.0018831379391153248,SPY,"ARIMA(1,0,1)"
2023-02-23,0.000473136512812538,SPY,"ARIMA(1,0,1)"
2023-02-24,-8.515014411919014e-05,SPY,"ARIMA(1,0,1)"
2023-02-27,0.0003617957109071687,SPY,"ARIMA(1,0,1)"
2023-02-28,-7.475358804462633e-05,SPY,"ARIMA(1,0,1)"
2023-03-01,0.000111853470619616,SPY,"ARIMA(1,0,1)"
2023-03-02,8.79141871249423e-05,SPY,"ARIMA(1,0,1)"
2023-03-03,-0.00021952693701886294,SPY,"ARIMA(1,0,1)"
2023-03-06,-0.0004875764853757138,SPY,"ARIMA(1,0,1)"
2023-03-07,-0.00043816088865894623,SPY,"ARIMA(1,0,1)"
2023-03-08,8.92370180628078e-05,SPY,"ARIMA(1,0,1)"
2023-03-09,-0.00010743232433679594,SPY,"ARIMA(1,0,1)"
2023-03-10,9.132069296338195e-05,SPY,"ARIMA(1,0,1)"
2023-03-13,0.00047435232800828247,SPY,"ARIMA(1,0,1)"
2023-03-14,0.0001901157785534501,SPY,"ARIMA(1,0,1)"
2023-03-15,-0.0002959613672048157,SPY,"ARIMA(1,0,1)"
2023-03-16,3.495506115781455e-05,SPY,"ARIMA(1,0,1)"
2023-03-17,-0.00033628361528104355,SPY,"ARIMA(1,0,1)"
2023-03-20,-0.00016736296397354373,SPY,"ARIMA(1,0,1)"
2023-03-21,-0.0005693705497592553,SPY,"ARIMA(1,0,1)"
2023-03-22,-0.0009401750208174849,SPY,"ARIMA(1,0,1)"
2023-03-23,-0.0004148599655116166,SPY,"ARIMA(1,0,1)"
2023-03-24,-0.0005335784883955726,SPY,"ARIMA(1,0,1)"
2023-03-27,-0.0006612138777437404,SPY,"ARIMA(1,0,1)"
2023-03-28,-0.0007594492067347495,SPY,"ARIMA(1,0,1)"
2023-03-29,-0.0006200832722653591,SPY,"ARIMA(1,0,1)"
2023-03-30,-0.001029767606050194,SPY,"ARIMA(1,0,1)"
2023-03-31,-0.0010686321606891078,SPY,"ARIMA(1,0,1)"
2023-04-03,-0.0012167168266429378,SPY,"ARIMA(1,0,1)"
2023-04-04,-0.0010426358315724007,SPY,"ARIMA(1,0,1)"
2023-04-05,-0.0007795672983557762,SPY,"ARIMA(1,0,1)"
2023-04-06,-0.0006923443171684574,SPY,"ARIMA(1,0,1)"
2023-04-10,-0.0008731794426171461,SPY,"ARIMA(1,0,1)"
2023-04-11,-0.000750848216394555,SPY,"ARIMA(1,0,1)"
2023-04-12,-0.0008004571413060416,SPY,"ARIMA(1,0,1)"
2023-04-13,-0.0004501733425904376,SPY,"ARIMA(1,0,1)"
2023-04-14,-0.0009981882329707092,SPY,"ARIMA(1,0,1)"
2023-04-17,-0.0009506292879832271,SPY,"ARIMA(1,0,1)"
2023-04-18,-0.0010446033808104076,SPY,"ARIMA(1,0,1)"
2023-04-19,-0.0020225055285665347,SPY,"ARIMA(1,0,1)"
2023-04-20,-0.0006837570648821662,SPY,"ARIMA(1,0,1)"
2023-04-21,-0.0003333747680636184,SPY,"ARIMA(1,0,1)"
2023-04-24,-0.00019988547597732048,SPY,"ARIMA(1,0,1)"
2023-04-25,-0.0002170386434537032,SPY,"ARIMA(1,0,1)"
2023-04-26,2.6950458359187524e-05,SPY,"ARIMA(1,0,1)"
2023-04-27,0.0006129392155753302,SPY,"ARIMA(1,0,1)"
2023-04-28,-0.0005643207274812047,SPY,"ARIMA(1,0,1)"
2023-05-01,-0.00019984123194085178,SPY,"ARIMA(1,0,1)"
2023-05-02,-5.234729212902227e-05,SPY,"ARIMA(1,0,1)"
2023-05-03,5.244048550537296e-05,SPY,"ARIMA(1,0,1)"
2023-05-04,1.1961242897043704e-06,SPY,"ARIMA(1,0,1)"
2023-05-05,0.00031322378052830107,SPY,"ARIMA(1,0,1)"
2023-05-08,1.4814083281868297e-05,SPY,"ARIMA(1,0,1)"
2023-05-09,7.537286957034255e-05,SPY,"ARIMA(1,0,1)"
2023-05-10,2.9155186397924678e-05,SPY,"ARIMA(1,0,1)"
2023-05-11,0.00023215692846695522,SPY,"ARIMA(1,0,1)"
2023-05-12,0.00018230766703899114,SPY,"ARIMA(1,0,1)"
2023-05-15,0.0002314898547681099,SPY,"ARIMA(1,0,1)"
2023-05-16,0.00030104375232442636,SPY,"ARIMA(1,0,1)"
2023-05-17,-8.650901463952551e-05,SPY,"ARIMA(1,0,1)"
2023-05-18,0.0005812391062996273,SPY,"ARIMA(1,0,1)"
2023-05-19,0.00026282671867713014,SPY,"ARIMA(1,0,1)"
2023-05-22,0.00023285479936737481,SPY,"ARIMA(1,0,1)"
2023-05-23,0.000398077382732341,SPY,"ARIMA(1,0,1)"
2023-05-24,0.0004700369773334801,SPY,"ARIMA(1,0,1)"
2023-05-25,-0.0002884083229342897,SPY,"ARIMA(1,0,1)"
2023-05-26,0.0008800918506756561,SPY,"ARIMA(1,0,1)"
2023-05-30,-0.0003524404330500439,SPY,"ARIMA(1,0,1)"
2023-05-31,-8.543497984889994e-06,SPY,"ARIMA(1,0,1)"
2023-06-01,-3.2358771836862806e-05,SPY,"ARIMA(1,0,1)"
2023-06-02,0.0005060702722422313,SPY,"ARIMA(1,0,1)"
2023-06-05,0.0005791660569496721,SPY,"ARIMA(1,0,1)"
2023-06-06,-0.00024103730581614047,SPY,"ARIMA(1,0,1)"
2023-06-07,0.0005732190883164725,SPY,"ARIMA(1,0,1)"
2023-06-08,-0.0002889458317754135,SPY,"ARIMA(1,0,1)"
2023-06-09,0.0008359332082207625,SPY,"ARIMA(1,0,1)"
2023-06-12,0.0002606188660207433,SPY,"ARIMA(1,0,1)"
2023-06-13,0.00016184435099710434,SPY,"ARIMA(1,0,1)"
2023-06-14,0.000364694738599198,SPY,"ARIMA(1,0,1)"
2023-06-15,-0.00012614528862068847,SPY,"ARIMA(1,0,1)"
2023-06-16,-0.0006098636225536834,SPY,"ARIMA(1,0,1)"
2023-06-20,-1.0634213803923493e-05,SPY,"ARIMA(1,0,1)"
2023-06-21,0.0008437652578870239,SPY,"ARIMA(1,0,1)"
2023-06-22,0.0011256256622934006,SPY,"ARIMA(1,0,1)"
2023-06-23,0.0006086031455950714,SPY,"ARIMA(1,0,1)"
2023-06-26,0.0005707457628790243,SPY,"ARIMA(1,0,1)"
2023-06-27,0.00073441557823561,SPY,"ARIMA(1,0,1)"
2023-06-28,-0.00021310350962740725,SPY,"ARIMA(1,0,1)"
2023-06-29,0.0005221113394315986,SPY,"ARIMA(1,0,1)"
2023-06-30,0.000471184267864993,SPY,"ARIMA(1,0,1)"
2023-07-03,0.0004532266433868755,SPY,"ARIMA(1,0,1)"
2023-07-05,0.0005268205750797328,SPY,"ARIMA(1,0,1)"
2023-07-06,0.0004921767263566631,SPY,"ARIMA(1,0,1)"
2023-07-07,0.0005635822756020915,SPY,"ARIMA(1,0,1)"
2023-07-10,0.0006262138621819903,SPY,"ARIMA(1,0,1)"
2023-07-11,0.0005242305603310492,SPY,"ARIMA(1,0,1)"
2023-07-12,0.00034685639650672306,SPY,"ARIMA(1,0,1)"
2023-07-13,0.0002710663125306444,SPY,"ARIMA(1,0,1)"
2023-07-14,0.0004591514968508407,SPY,"ARIMA(1,0,1)"
2023-07-17,0.0005637437414487567,SPY,"ARIMA(1,0,1)"
2023-07-18,0.0007154438623042049,SPY,"ARIMA(1,0,1)"
2023-07-19,3.376109936553066e-05,SPY,"ARIMA(1,0,1)"
2023-07-20,0.0006722707234014943,SPY,"ARIMA(1,0,1)"
2023-07-21,0.0005768692903792036,SPY,"ARIMA(1,0,1)"
2023-07-24,0.000742677912322592,SPY,"ARIMA(1,0,1)"
2023-07-25,0.0005616632326925325,SPY,"ARIMA(1,0,1)"
2023-07-26,0.00034607895826362556,SPY,"ARIMA(1,0,1)"
2023-07-27,0.0006198902085949747,SPY,"ARIMA(1,0,1)"
2023-07-28,0.0007036075344804057,SPY,"ARIMA(1,0,1)"
2023-07-31,0.0002660555194822755,SPY,"ARIMA(1,0,1)"
2023-08-01,0.0001800841156050706,SPY,"ARIMA(1,0,1)"
2023-08-02,0.0004120513265500967,SPY,"ARIMA(1,0,1)"
2023-08-03,0.0005135647842607327,SPY,"ARIMA(1,0,1)"
2023-08-04,0.0008484763535068177,SPY,"ARIMA(1,0,1)"
2023-08-07,0.0007109732653566053,SPY,"ARIMA(1,0,1)"
2023-08-08,0.00016827762246300376,SPY,"ARIMA(1,0,1)"
2023-08-09,0.0007626297630511567,SPY,"ARIMA(1,0,1)"
2023-08-10,0.0007207397165192402,SPY,"ARIMA(1,0,1)"
2023-08-11,0.00048046144122367094,SPY,"ARIMA(1,0,1)"
2023-08-14,0.00030479066746934595,SPY,"ARIMA(1,0,1)"
2023-08-15,0.0002823246098747436,SPY,"ARIMA(1,0,1)"
2023-08-16,0.000883165711002576,SPY,"ARIMA(1,0,1)"
2023-08-17,0.00019010704205439085,SPY,"ARIMA(1,0,1)"
2023-08-18,0.0005215261744129676,SPY,"ARIMA(1,0,1)"
2023-08-21,0.0008987875417914247,SPY,"ARIMA(1,0,1)"
2023-08-22,-3.843857340075986e-05,SPY,"ARIMA(1,0,1)"
2023-08-23,0.0005600476320585864,SPY,"ARIMA(1,0,1)"
2023-08-24,-0.0002486485141560635,SPY,"ARIMA(1,0,1)"
2023-08-25,0.0009624423719527729,SPY,"ARIMA(1,0,1)"
2023-08-28,0.00034183186168645506,SPY,"ARIMA(1,0,1)"
2023-08-29,-6.311604961338013e-05,SPY,"ARIMA(1,0,1)"
2023-08-30,-0.000838253676321244,SPY,"ARIMA(1,0,1)"
2023-08-31,-0.0007351157574944762,SPY,"ARIMA(1,0,1)"
2023-09-01,0.00013533419178647296,SPY,"ARIMA(1,0,1)"
2023-09-05,0.0002869591019848078,SPY,"ARIMA(1,0,1)"
2023-09-06,0.0007729249538896727,SPY,"ARIMA(1,0,1)"
2023-09-07,0.0009690738935265911,SPY,"ARIMA(1,0,1)"
2023-09-08,0.0010948967326670765,SPY,"ARIMA(1,0,1)"
2023-09-11,0.0008327348223739742,SPY,"ARIMA(1,0,1)"
2023-09-12,0.0003235040984565276,SPY,"ARIMA(1,0,1)"
2023-09-13,0.0007084222093961509,SPY,"ARIMA(1,0,1)"
2023-09-14,0.0004517974332067103,SPY,"ARIMA(1,0,1)"
2023-09-15,0.00022000723833697714,SPY,"ARIMA(1,0,1)"
2023-09-18,0.0012085593363225136,SPY,"ARIMA(1,0,1)"
2023-09-19,0.0009818375026592833,SPY,"ARIMA(1,0,1)"
2023-09-20,0.001980912705724986,SPY,"ARIMA(1,0,1)"
2023-09-21,0.002737363289118004,SPY,"ARIMA(1,0,1)"
2023-09-22,0.0041047940758986694,SPY,"ARIMA(1,0,1)"
2023-09-25,0.00454780097756255,SPY,"ARIMA(1,0,1)"
2023-09-26,0.002047006577711087,SPY,"ARIMA(1,0,1)"
2023-09-27,0.003684350836454531,SPY,"ARIMA(1,0,1)"
2023-09-28,0.00222846136159091,SPY,"ARIMA(1,0,1)"
2023-09-29,0.002128192110573867,SPY,"ARIMA(1,0,1)"
2023-10-02,0.0016022060020262768,SPY,"ARIMA(1,0,1)"
2023-10-03,0.001873948591610343,SPY,"ARIMA(1,0,1)"
2023-10-04,0.0018665768438872639,SPY,"ARIMA(1,0,1)"
2023-10-05,0.0011181200845886898,SPY,"ARIMA(1,0,1)"
2023-10-06,0.0011972462206310142,SPY,"ARIMA(1,0,1)"
2023-10-09,0.00021909356205212463,SPY,"ARIMA(1,0,1)"
2023-10-10,0.00016441721371090263,SPY,"ARIMA(1,0,1)"
2023-10-11,7.450789843773428e-05,SPY,"ARIMA(1,0,1)"
2023-10-12,0.00015200789780200528,SPY,"ARIMA(1,0,1)"
2023-10-13,0.0007342831296665758,SPY,"ARIMA(1,0,1)"
2023-10-16,0.0012773289818901333,SPY,"ARIMA(1,0,1)"
2023-10-17,0.0001522139876518198,SPY,"ARIMA(1,0,1)"
2023-10-18,0.0007856716722496693,SPY,"ARIMA(1,0,1)"
2023-10-19,0.0010082977087951255,SPY,"ARIMA(1,0,1)"
2023-10-20,0.002050474845913891,SPY,"ARIMA(1,0,1)"
2023-10-23,0.0024418263768361754,SPY,"ARIMA(1,0,1)"
2023-10-24,0.0008966948418868832,SPY,"ARIMA(1,0,1)"
2023-10-25,0.00047831491143833006,SPY,"ARIMA(1,0,1)"
2023-10-26,0.0007572169973768476,SPY,"ARIMA(1,0,1)"
2023-10-27,0.0005229557398450138,SPY,"ARIMA(1,0,1)"
2023-10-30,0.001990809223435297,SPY,"ARIMA(1,0,1)"
2023-10-31,0.0009921279967805533,SPY,"ARIMA(1,0,1)"
2023-11-01,0.00032039109535619636,SPY,"ARIMA(1,0,1)"
2023-11-02,0.0002311589808471151,SPY,"ARIMA(1,0,1)"
2023-11-03,0.0005374524508450543,SPY,"ARIMA(1,0,1)"
2023-11-06,0.0006994610145117754,SPY,"ARIMA(1,0,1)"
2023-11-07,0.0007069114132608711,SPY,"ARIMA(1,0,1)"
2023-11-08,0.0006725220122931635,SPY,"ARIMA(1,0,1)"
2023-11-09,0.0006144020284412452,SPY,"ARIMA(1,0,1)"
2023-11-10,0.00015945777594932736,SPY,"ARIMA(1,0,1)"
2023-11-13,0.0013841140572619748,SPY,"ARIMA(1,0,1)"
2023-11-14,0.00046782070994234333,SPY,"ARIMA(1,0,1)"
2023-11-15,0.0013746681147294593,SPY,"ARIMA(1,0,1)"
2023-11-16,0.0006955043837059963,SPY,"ARIMA(1,0,1)"
2023-11-17,0.0005870862863071488,SPY,"ARIMA(1,0,1)"
2023-11-20,0.000613175806579504,SPY,"ARIMA(1,0,1)"
2023-11-21,0.0009727525798771206,SPY,"ARIMA(1,0,1)"
2023-11-22,0.00048214790766786284,SPY,"ARIMA(1,0,1)"
2023-11-24,0.0007628116754472493,SPY,"ARIMA(1,0,1)"
2023-11-27,0.0005789894196484339,SPY,"ARIMA(1,0,1)"
2023-11-28,0.0004391238424672549,SPY,"ARIMA(1,0,1)"
2023-11-29,0.0005477485773459314,SPY,"ARIMA(1,0,1)"
2023-11-30,0.0005386607645831601,SPY,"ARIMA(1,0,1)"
2023-12-01,0.0008044114184142896,SPY,"ARIMA(1,0,1)"
2023-12-04,0.0007371020175133505,SPY,"ARIMA(1,0,1)"
2023-12-05,0.00026054436468867165,SPY,"ARIMA(1,0,1)"
2023-12-06,0.0005478570992295246,SPY,"ARIMA(1,0,1)"
2023-12-07,0.0004048045465582466,SPY,"ARIMA(1,0,1)"
2023-12-08,0.0009312632914057818,SPY,"ARIMA(1,0,1)"
2023-12-11,0.0007417230944009019,SPY,"ARIMA(1,0,1)"
2023-12-12,0.0007767960579308326,SPY,"ARIMA(1,0,1)"
2023-12-13,0.000866694590380571,SPY,"ARIMA(1,0,1)"
2023-12-14,0.0011480291641075165,SPY,"ARIMA(1,0,1)"
2023-12-15,0.0006120447993980145,SPY,"ARIMA(1,0,1)"
2023-12-18,0.000704472183318467,SPY,"ARIMA(1,0,1)"
2023-12-19,0.0009014546173262285,SPY,"ARIMA(1,0,1)"
2023-12-20,0.0009498096953735355,SPY,"ARIMA(1,0,1)"
2023-12-21,0.0005476421303657895,SPY,"ARIMA(1,0,1)"
2023-12-22,0.001209809782438791,SPY,"ARIMA(1,0,1)"
2023-12-26,0.0006786168644749962,SPY,"ARIMA(1,0,1)"
2023-12-27,0.0010030986845339937,SPY,"ARIMA(1,0,1)"
2023-12-28,0.0009399289668695582,SPY,"ARIMA(1,0,1)"
2023-12-29,0.0009320279674509664,SPY,"ARIMA(1,0,1)"
2024-01-02,0.0008553140487062285,SPY,"ARIMA(1,0,1)"
2024-01-03,0.0006689049249366318,SPY,"ARIMA(1,0,1)"
2024-01-04,0.0005144278151758759,SPY,"ARIMA(1,0,1)"
2024-01-05,0.000812433152761596,SPY,"ARIMA(1,0,1)"
2024-01-08,0.0009106154863732737,SPY,"ARIMA(1,0,1)"
2024-01-09,0.0018690220809792473,SPY,"ARIMA(1,0,1)"
2024-01-10,0.00047698752528281546,SPY,"ARIMA(1,0,1)"
2024-01-11,0.0012637159814423771,SPY,"ARIMA(1,0,1)"
2024-01-12,0.0006773892712270825,SPY,"ARIMA(1,0,1)"
2024-01-16,0.0008295908288685306,SPY,"ARIMA(1,0,1)"
2024-01-17,0.0005058726837621118,SPY,"ARIMA(1,0,1)"
2024-01-18,0.0004682645130304711,SPY,"ARIMA(1,0,1)"
2024-01-19,0.0012556589063678712,SPY,"ARIMA(1,0,1)"
2024-01-22,0.0013414927882169122,SPY,"ARIMA(1,0,1)"
2024-01-23,0.0008564942354868882,SPY,"ARIMA(1,0,1)"
2024-01-24,0.0009971685683068522,SPY,"ARIMA(1,0,1)"
2024-01-25,0.0008056848635600924,SPY,"ARIMA(1,0,1)"
2024-01-26,0.0010920590397481007,SPY,"ARIMA(1,0,1)"
2024-01-29,0.0006964006710218186,SPY,"ARIMA(1,0,1)"
2024-01-30,0.0013153811561120916,SPY,"ARIMA(1,0,1)"
2024-01-31,0.0007032548506162201,SPY,"ARIMA(1,0,1)"
2024-02-01,2.9986905626593107e-05,SPY,"ARIMA(1,0,1)"
2024-02-02,0.0015802986700901123,SPY,"ARIMA(1,0,1)"
2024-02-05,0.0009130792161897852,SPY,"ARIMA(1,0,1)"
2024-02-06,0.00042359580813693706,SPY,"ARIMA(1,0,1)"
2024-02-07,0.0010303845545499935,SPY,"ARIMA(1,0,1)"
2024-02-08,0.0011932025864154123,SPY,"ARIMA(1,0,1)"
2024-02-09,0.0006609632079661127,SPY,"ARIMA(1,0,1)"
2024-02-12,0.001141136420526824,SPY,"ARIMA(1,0,1)"
2024-02-13,0.0007238656503000896,SPY,"ARIMA(1,0,1)"
2024-02-14,4.887971606368788e-05,SPY,"ARIMA(1,0,1)"
2024-02-15,0.0015396607679874705,SPY,"ARIMA(1,0,1)"
2024-02-16,0.0007907001093719848,SPY,"ARIMA(1,0,1)"
2024-02-20,0.0008096364375525058,SPY,"ARIMA(1,0,1)"
2024-02-21,0.0006597638072298555,SPY,"ARIMA(1,0,1)"
2024-02-22,0.0009405573542893347,SPY,"ARIMA(1,0,1)"
2024-02-23,0.001938773039945664,SPY,"ARIMA(1,0,1)"
2024-02-26,0.0007033576404908749,SPY,"ARIMA(1,0,1)"
2024-02-27,0.0008837696296983609,SPY,"ARIMA(1,0,1)"
2024-02-28,0.0011169276321562158,SPY,"ARIMA(1,0,1)"
2024-02-29,0.0008705646387135485,SPY,"ARIMA(1,0,1)"
2024-03-01,0.0011931719897701476,SPY,"ARIMA(1,0,1)"
2024-03-04,0.001429353825934378,SPY,"ARIMA(1,0,1)"
2024-03-05,0.0008757010196369003,SPY,"ARIMA(1,0,1)"
2024-03-06,0.0005190903221227072,SPY,"ARIMA(1,0,1)"
2024-03-07,0.001369583590597072,SPY,"ARIMA(1,0,1)"
2024-03-08,0.0012824933181947353,SPY,"ARIMA(1,0,1)"
2024-03-11,0.0009115564338782736,SPY,"ARIMA(1,0,1)"
2024-03-12,0.001095620323320915,SPY,"ARIMA(1,0,1)"
2024-03-13,0.0015021463351268132,SPY,"ARIMA(1,0,1)"
2024-03-14,0.000986290378597283,SPY,"ARIMA(1,0,1)"
2024-03-15,0.001150115925042294,SPY,"ARIMA(1,0,1)"
2024-03-18,0.0005191979618856264,SPY,"ARIMA(1,0,1)"
2024-03-19,0.001572957428964602,SPY,"ARIMA(1,0,1)"
2024-03-20,0.0013472116076736233,SPY,"ARIMA(1,0,1)"
2024-03-21,0.0017946108778516966,SPY,"ARIMA(1,0,1)"
2024-03-22,0.001091948526541535,SPY,"ARIMA(1,0,1)"
2024-03-25,0.0009460303168452053,SPY,"ARIMA(1,0,1)"
2024-03-26,0.0009180597965234871,SPY,"ARIMA(1,0,1)"
2024-03-27,0.0009530054612709939,SPY,"ARIMA(1,0,1)"
2024-03-28,0.0018023549981848429,SPY,"ARIMA(1,0,1)"
2024-04-01,0.000821588707540199,SPY,"ARIMA(1,0,1)"
2024-04-02,0.0009613318231007637,SPY,"ARIMA(1,0,1)"
2024-04-03,0.0005155007630121124,SPY,"ARIMA(1,0,1)"
2024-04-04,0.0011574587714669516,SPY,"ARIMA(1,0,1)"
2024-04-05,-0.00013017618587202455,SPY,"ARIMA(1,0,1)"
2024-04-08,0.001782874785365528,SPY,"ARIMA(1,0,1)"
2024-04-09,0.0008265081728901277,SPY,"ARIMA(1,0,1)"
2024-04-10,0.0010504510627132588,SPY,"ARIMA(1,0,1)"
2024-04-11,0.00021827213743099685,SPY,"ARIMA(1,0,1)"
2024-04-12,0.0015118682332078694,SPY,"ARIMA(1,0,1)"
2024-04-15,3.709647978419016e-05,SPY,"ARIMA(1,0,1)"
2024-04-16,0.0002270859840008422,SPY,"ARIMA(1,0,1)"
2024-04-17,0.000828643591968554,SPY,"ARIMA(1,0,1)"
2024-04-18,0.00029429274189401815,SPY,"ARIMA(1,0,1)"
2024-04-19,0.0007761901443140315,SPY,"ARIMA(1,0,1)"
2024-04-22,-4.93058197333562e-06,SPY,"ARIMA(1,0,1)"
2024-04-23,0.0016399832244172736,SPY,"ARIMA(1,0,1)"
2024-04-24,0.0014255535928040003,SPY,"ARIMA(1,0,1)"
2024-04-25,0.0006244991637957703,SPY,"ARIMA(1,0,1)"
2024-04-26,0.0006569534109038608,SPY,"ARIMA(1,0,1)"
2024-04-29,0.0016396664161994604,SPY,"ARIMA(1,0,1)"
2024-04-30,0.0007770260375205684,SPY,"ARIMA(1,0,1)"
2024-05-01,-0.00012158894749708345,SPY,"ARIMA(1,0,1)"
2024-05-02,0.0010678080424874562,SPY,"ARIMA(1,0,1)"
2024-05-03,0.0012767311073593303,SPY,"ARIMA(1,0,1)"
2024-05-06,0.0015916858911199402,SPY,"ARIMA(1,0,1)"
2024-05-07,0.0014758484679396069,SPY,"ARIMA(1,0,1)"
2024-05-08,0.0007323591732286677,SPY,"ARIMA(1,0,1)"
2024-05-09,0.000987720821829221,SPY,"ARIMA(1,0,1)"
2024-05-10,0.0013924987640696637,SPY,"ARIMA(1,0,1)"
2024-05-13,0.0007978766079427944,SPY,"ARIMA(1,0,1)"
2024-05-14,0.0009990437103147324,SPY,"ARIMA(1,0,1)"
2024-05-15,0.001340000261997328,SPY,"ARIMA(1,0,1)"
2024-05-16,0.001942047221479536,SPY,"ARIMA(1,0,1)"
2024-05-17,0.0003363514235142505,SPY,"ARIMA(1,0,1)"
2024-05-20,0.001435573385384851,SPY,"ARIMA(1,0,1)"
2024-05-21,0.000717217121035233,SPY,"ARIMA(1,0,1)"
2024-05-22,0.0012438274954928987,SPY,"ARIMA(1,0,1)"
2024-05-23,0.0005279834331900599,SPY,"ARIMA(1,0,1)"
2024-05-24,0.0005501359365362817,SPY,"ARIMA(1,0,1)"
2024-05-28,0.0017472868087952866,SPY,"ARIMA(1,0,1)"
2024-05-29,0.0005920394279770899,SPY,"ARIMA(1,0,1)"
2024-05-30,0.0005532719375266638,SPY,"ARIMA(1,0,1)"
2024-05-31,0.0005371309938226821,SPY,"ARIMA(1,0,1)"
2024-06-03,0.00184052435453879,SPY,"ARIMA(1,0,1)"
2024-06-04,0.00041731933744223917,SPY,"ARIMA(1,0,1)"
2024-06-05,0.0012545928698780159,SPY,"ARIMA(1,0,1)"
2024-06-06,0.0015521904752749407,SPY,"ARIMA(1,0,1)"
2024-06-07,0.0004584749316838056,SPY,"ARIMA(1,0,1)"
2024-06-10,0.0010963990189448878,SPY,"ARIMA(1,0,1)"
2024-06-11,0.0010053962912134377,SPY,"ARIMA(1,0,1)"
2024-06-12,0.0010036345105736326,SPY,"ARIMA(1,0,1)"
2024-06-13,0.0014602338443551388,SPY,"ARIMA(1,0,1)"
2024-06-14,0.0006342920607512038,SPY,"ARIMA(1,0,1)"
2024-06-17,0.0010443870496731579,SPY,"ARIMA(1,0,1)"
2024-06-18,0.0013163170728093532,SPY,"ARIMA(1,0,1)"
2024-06-20,0.0007367722691835669,SPY,"ARIMA(1,0,1)"
2024-06-21,0.0007566088208110102,SPY,"ARIMA(1,0,1)"
2024-06-24,0.0008772662682549491,SPY,"ARIMA(1,0,1)"
2024-06-25,0.0006027655108510481,SPY,"ARIMA(1,0,1)"
2024-06-26,0.001407241934799026,SPY,"ARIMA(1,0,1)"
2024-06-27,0.0007058762105544232,SPY,"ARIMA(1,0,1)"
2024-06-28,0.0011266324578775228,SPY,"ARIMA(1,0,1)"
2024-07-01,0.000424257258262906,SPY,"ARIMA(1,0,1)"
2024-07-02,0.0012999357300932945,SPY,"ARIMA(1,0,1)"
2024-07-03,0.0010958569284448888,SPY,"ARIMA(1,0,1)"
2024-07-05,0.0010743448210789224,SPY,"ARIMA(1,0,1)"
2024-07-08,0.0012360214280120385,SPY,"ARIMA(1,0,1)"
2024-07-09,0.0008114452093742073,SPY,"ARIMA(1,0,1)"
2024-07-10,0.0011010643336527794,SPY,"ARIMA(1,0,1)"
2024-07-11,0.0016119874872807221,SPY,"ARIMA(1,0,1)"
2024-07-12,-7.775223094995583e-05,SPY,"ARIMA(1,0,1)"
2024-07-15,0.0020138744082356247,SPY,"ARIMA(1,0,1)"
2024-07-16,0.00037833552392773186,SPY,"ARIMA(1,0,1)"
2024-07-17,0.0016064974209637458,SPY,"ARIMA(1,0,1)"
2024-07-18,-0.00021106831672324617,SPY,"ARIMA(1,0,1)"
2024-07-19,0.0010850576095195765,SPY,"ARIMA(1,0,1)"
2024-07-22,0.00019672759642124415,SPY,"ARIMA(1,0,1)"
2024-07-23,0.0016854402052528372,SPY,"ARIMA(1,0,1)"
2024-07-24,0.0003031093733829194,SPY,"ARIMA(1,0,1)"
2024-07-25,-0.0003030219662975322,SPY,"ARIMA(1,0,1)"
2024-07-26,0.0010472931672527868,SPY,"ARIMA(1,0,1)"
2024-07-29,0.0013674643190466486,SPY,"ARIMA(1,0,1)"
2024-07-30,0.0004275978353891874,SPY,"ARIMA(1,0,1)"
2024-07-31,0.000557144176695112,SPY,"ARIMA(1,0,1)"
2024-08-01,0.0017916561904291377,SPY,"ARIMA(1,0,1)"
2024-08-02,-0.00038324769886424336,SPY,"ARIMA(1,0,1)"
2024-08-05,0.0008242577786412638,SPY,"ARIMA(1,0,1)"
2024-08-06,-0.002478264017036343,SPY,"ARIMA(1,0,1)"
2024-08-07,0.002534106577384898,SPY,"ARIMA(1,0,1)"
2024-08-08,-0.001275847683122648,SPY,"ARIMA(1,0,1)"
2024-08-09,0.0022606784620886637,SPY,"ARIMA(1,0,1)"
2024-08-12,0.0005931281469287453,SPY,"ARIMA(1,0,1)"
2024-08-13,0.0008097050787810185,SPY,"ARIMA(1,0,1)"
2024-08-14,0.0017895606173419657,SPY,"ARIMA(1,0,1)"
2024-08-15,0.0005682030256928318,SPY,"ARIMA(1,0,1)"
2024-08-16,0.002051216466254231,SPY,"ARIMA(1,0,1)"
2024-08-19,0.0006478351248342593,SPY,"ARIMA(1,0,1)"
2024-08-20,0.0016799772248252546,SPY,"ARIMA(1,0,1)"
2024-08-21,0.0006224298675323712,SPY,"ARIMA(1,0,1)"
2024-08-22,0.0014186053815519926,SPY,"ARIMA(1,0,1)"
2024-08-23,9.975660165417646e-05,SPY,"ARIMA(1,0,1)"
2024-08-26,0.0019084068024511674,SPY,"ARIMA(1,0,1)"
2024-08-27,0.0004457984935640944,SPY,"ARIMA(1,0,1)"
2024-08-28,0.001267128498352023,SPY,"ARIMA(1,0,1)"
2024-08-29,0.00046441452788800513,SPY,"ARIMA(1,0,1)"
2024-08-30,0.0010339714890406572,SPY,"ARIMA(1,0,1)"
2024-09-03,0.0014453398136094271,SPY,"ARIMA(1,0,1)"
2024-09-04,-0.0004142910259154251,SPY,"ARIMA(1,0,1)"
2024-09-05,0.0013459494378654062,SPY,"ARIMA(1,0,1)"
2024-09-06,0.0005037388270024598,SPY,"ARIMA(1,0,1)"
2024-09-09,7.700325959203815e-05,SPY,"ARIMA(1,0,1)"
2024-09-10,0.0016384138780453552,SPY,"ARIMA(1,0,1)"
2024-09-11,0.00049698567076468,SPY,"ARIMA(1,0,1)"
2024-09-12,0.0014083326911335727,SPY,"ARIMA(1,0,1)"
2024-09-13,0.001194273034875477,SPY,"ARIMA(1,0,1)"
2024-09-16,0.0011494231778779126,SPY,"ARIMA(1,0,1)"
2024-09-17,0.0009119840337374824,SPY,"ARIMA(1,0,1)"
2024-09-18,0.0009577635784552951,SPY,"ARIMA(1,0,1)"
2024-09-19,0.0007859040313259783,SPY,"ARIMA(1,0,1)"
2024-09-20,0.0017853088721241296,SPY,"ARIMA(1,0,1)"
2024-09-23,0.0006827051733874958,SPY,"ARIMA(1,0,1)"
2024-09-24,0.0013146196863795755,SPY,"ARIMA(1,0,1)"
2024-09-25,0.0012029161245163845,SPY,"ARIMA(1,0,1)"
2024-09-26,0.0009981086118613905,SPY,"ARIMA(1,0,1)"
2024-09-27,0.00136748537862538,SPY,"ARIMA(1,0,1)"
2024-09-30,0.0010857365071750107,SPY,"ARIMA(1,0,1)"
2024-10-01,0.001356966917413607,SPY,"ARIMA(1,0,1)"
2024-10-02,0.0007135329938433221,SPY,"ARIMA(1,0,1)"
2024-10-03,0.0012777492048327522,SPY,"ARIMA(1,0,1)"
2024-10-04,0.0010330125175507638,SPY,"ARIMA(1,0,1)"
2024-10-07,0.0015972522130527573,SPY,"ARIMA(1,0,1)"
2024-10-08,0.0007506053274650214,SPY,"ARIMA(1,0,1)"
2024-10-09,0.0014957950646435393,SPY,"ARIMA(1,0,1)"
2024-10-10,0.0012688828421556417,SPY,"ARIMA(1,0,1)"
2024-10-11,0.0010797818634145958,SPY,"ARIMA(1,0,1)"
2024-10-14,0.0013498433249253278,SPY,"ARIMA(1,0,1)"
2024-10-15,0.0013960500195945129,SPY,"ARIMA(1,0,1)"
2024-10-16,0.0009568137862175448,SPY,"ARIMA(1,0,1)"
2024-10-17,0.0012893881331488576,SPY,"ARIMA(1,0,1)"
2024-10-18,0.0011990279126453927,SPY,"ARIMA(1,0,1)"
2024-10-21,0.0012775221043855685,SPY,"ARIMA(1,0,1)"
2024-10-22,0.0012824642869814819,SPY,"ARIMA(1,0,1)"
2024-10-23,0.001310476798048569,SPY,"ARIMA(1,0,1)"
2024-10-24,0.0013337146650799039,SPY,"ARIMA(1,0,1)"
2024-10-25,0.0012915506146912558,SPY,"ARIMA(1,0,1)"
2024-10-28,0.001366381168226999,SPY,"ARIMA(1,0,1)"
2024-10-29,0.0014553180547800543,SPY,"ARIMA(1,0,1)"
2024-10-30,0.0014323834608878433,SPY,"ARIMA(1,0,1)"
2024-10-31,0.0013734547317985101,SPY,"ARIMA(1,0,1)"
2024-11-01,0.001270084216991102,SPY,"ARIMA(1,0,1)"
2024-11-04,0.001931236799449944,SPY,"ARIMA(1,0,1)"
2024-11-05,0.001765825791443564,SPY,"ARIMA(1,0,1)"
2024-11-06,0.001578698909396615,SPY,"ARIMA(1,0,1)"
2024-11-07,0.001259951212424254,SPY,"ARIMA(1,0,1)"
2024-11-08,0.0012792804358664018,SPY,"ARIMA(1,0,1)"
2024-11-11,0.0012932416347633678,SPY,"ARIMA(1,0,1)"
2024-11-12,0.001342850954514944,SPY,"ARIMA(1,0,1)"
2024-11-13,0.001228822610659364,SPY,"ARIMA(1,0,1)"
2024-11-14,0.0012452969912041486,SPY,"ARIMA(1,0,1)"
2024-11-15,0.0010891726304647303,SPY,"ARIMA(1,0,1)"
2024-11-18,0.0008677451003990887,SPY,"ARIMA(1,0,1)"
2024-11-19,0.0011243492997374898,SPY,"ARIMA(1,0,1)"
2024-11-20,0.0011631765867988982,SPY,"ARIMA(1,0,1)"
2024-11-21,0.0010824537325517306,SPY,"ARIMA(1,0,1)"
2024-11-22,0.0011858828278484446,SPY,"ARIMA(1,0,1)"
2024-11-25,0.0011528505337961785,SPY,"ARIMA(1,0,1)"
2024-11-26,0.0011672255323899035,SPY,"ARIMA(1,0,1)"
2024-11-27,0.0012266062437365265,SPY,"ARIMA(1,0,1)"
2024-11-29,0.0010800906707150544,SPY,"ARIMA(1,0,1)"
2024-12-02,0.001242150634566549,SPY,"ARIMA(1,0,1)"
2024-12-03,0.0011717974685815035,SPY,"ARIMA(1,0,1)"
2024-12-04,0.001128417023572711,SPY,"ARIMA(1,0,1)"
2024-12-05,0.001271485445639411,SPY,"ARIMA(1,0,1)"
2024-12-06,0.001126108074341465,SPY,"ARIMA(1,0,1)"
2024-12-09,0.0012207559647817278,SPY,"ARIMA(1,0,1)"
2024-12-10,0.0010690842993411288,SPY,"ARIMA(1,0,1)"
2024-12-11,0.001074386878293711,SPY,"ARIMA(1,0,1)"
2024-12-12,0.001185750919871274,SPY,"ARIMA(1,0,1)"
2024-12-13,0.0010705037483375074,SPY,"ARIMA(1,0,1)"
2024-12-16,0.0010267195483026261,SPY,"ARIMA(1,0,1)"
2024-12-17,0.0010606893618551275,SPY,"ARIMA(1,0,1)"
2024-12-18,0.0009987687881449227,SPY,"ARIMA(1,0,1)"
2024-12-19,-4.277107158894835e-06,SPY,"ARIMA(1,0,1)"
2024-12-20,0.0010503040435553288,SPY,"ARIMA(1,0,1)"
2024-12-23,0.0012545976454778878,SPY,"ARIMA(1,0,1)"
2024-12-24,0.0010821298621973808,SPY,"ARIMA(1,0,1)"
2024-12-26,0.001336128250462376,SPY,"ARIMA(1,0,1)"
2024-12-27,0.0009015861398477948,SPY,"ARIMA(1,0,1)"
2024-12-30,0.0005492737241009352,SPY,"ARIMA(1,0,1)"
2024-12-31,0.0004462616490349849,SPY,"ARIMA(1,0,1)"
2025-01-02,0.0007409883499195593,SPY,"ARIMA(1,0,1)"
2025-01-03,0.0007698386796433811,SPY,"ARIMA(1,0,1)"
2025-01-06,0.0014087341483643462,SPY,"ARIMA(1,0,1)"
2025-01-07,0.0011847573910806555,SPY,"ARIMA(1,0,1)"
2025-01-08,0.00044130611898442423,SPY,"ARIMA(1,0,1)"
2025-01-10,0.0009810144071401637,SPY,"ARIMA(1,0,1)"
2025-01-13,0.00021074146550373145,SPY,"ARIMA(1,0,1)"
2025-01-14,0.0008844753665693415,SPY,"ARIMA(1,0,1)"
2025-01-15,0.0008626016854928452,SPY,"ARIMA(1,0,1)"
2025-01-16,0.0015781713586359028,SPY,"ARIMA(1,0,1)"
2025-01-17,0.000948245432391607,SPY,"ARIMA(1,0,1)"
2025-01-21,0.0012555078127000584,SPY,"ARIMA(1,0,1)"
2025-01-22,0.0012835387000679007,SPY,"ARIMA(1,0,1)"
2025-01-23,0.0011532931905096403,SPY,"ARIMA(1,0,1)"
2025-01-24,0.0011408159405395368,SPY,"ARIMA(1,0,1)"
2025-01-27,0.0008274289733235761,SPY,"ARIMA(1,0,1)"
2025-01-28,0.00027025665869326895,SPY,"ARIMA(1,0,1)"
2025-01-29,0.0010716356126197796,SPY,"ARIMA(1,0,1)"
2025-01-30,0.0007588820932527845,SPY,"ARIMA(1,0,1)"
2025-01-31,0.0009536810460665441,SPY,"ARIMA(1,0,1)"
2025-02-03,0.000693107458503548,SPY,"ARIMA(1,0,1)"
2025-02-04,0.0005299625751317014,SPY,"ARIMA(1,0,1)"
2025-02-05,0.0009795661799874497,SPY,"ARIMA(1,0,1)"
2025-02-06,0.0009845651742795701,SPY,"ARIMA(1,0,1)"
2025-02-07,0.0010227448323754775,SPY,"ARIMA(1,0,1)"
2025-02-10,0.0005466773086424692,SPY,"ARIMA(1,0,1)"
2025-02-11,0.0007870736285582622,SPY,"ARIMA(1,0,1)"
2025-02-12,0.0008377365361659335,SPY,"ARIMA(1,0,1)"
2025-02-13,0.0006524148712759419,SPY,"ARIMA(1,0,1)"
2025-02-14,0.001082468786810091,SPY,"ARIMA(1,0,1)"
2025-02-18,0.0009998150210384451,SPY,"ARIMA(1,0,1)"
2025-02-19,0.0009518761629686879,SPY,"ARIMA(1,0,1)"
2025-02-20,0.0009152361308288612,SPY,"ARIMA(1,0,1)"
2025-02-21,0.0007369158315155361,SPY,"ARIMA(1,0,1)"
2025-02-24,8.43283749305271e-05,SPY,"ARIMA(1,0,1)"
2025-02-25,0.000411381208307405,SPY,"ARIMA(1,0,1)"
2025-02-26,0.0004269685015067195,SPY,"ARIMA(1,0,1)"
2025-02-27,0.0006885500221656938,SPY,"ARIMA(1,0,1)"
2025-02-28,-0.0001628605554769624,SPY,"ARIMA(1,0,1)"
2025-03-03,0.001342186690344045,SPY,"ARIMA(1,0,1)"
2025-03-04,0.0006139108908330766,SPY,"ARIMA(1,0,1)"
2025-03-05,0.00043217331967539715,SPY,"ARIMA(1,0,1)"
2025-03-06,0.0005542164279436613,SPY,"ARIMA(1,0,1)"
2025-03-07,0.00034084641866447907,SPY,"ARIMA(1,0,1)"
2025-03-10,0.0006593113089217126,SPY,"ARIMA(1,0,1)"
2025-03-11,0.0005038383907207322,SPY,"ARIMA(1,0,1)"
2025-03-12,0.0004158460584872741,SPY,"ARIMA(1,0,1)"
2025-03-13,0.00040506305717725864,SPY,"ARIMA(1,0,1)"
2025-03-14,0.0002624786771382243,SPY,"ARIMA(1,0,1)"
2025-03-17,0.00014786196984171432,SPY,"ARIMA(1,0,1)"
2025-03-18,0.00042341116132070875,SPY,"ARIMA(1,0,1)"
2025-03-19,0.00045752167139261524,SPY,"ARIMA(1,0,1)"
2025-03-20,0.00028358306185005287,SPY,"ARIMA(1,0,1)"
2025-03-21,0.0005243802283824201,SPY,"ARIMA(1,0,1)"
2025-03-24,0.0003841621886079857,SPY,"ARIMA(1,0,1)"
2025-03-25,0.00010642794205053505,SPY,"ARIMA(1,0,1)"
2025-03-26,0.0003942398796306172,SPY,"ARIMA(1,0,1)"
2025-03-27,0.0006126548081640009,SPY,"ARIMA(1,0,1)"
2025-03-28,0.00043931299389670037,SPY,"ARIMA(1,0,1)"
2025-03-31,0.0005701114241670318,SPY,"ARIMA(1,0,1)"
2025-04-01,0.00015205343928501708,SPY,"ARIMA(1,0,1)"
2025-04-02,0.0002993618006785974,SPY,"ARIMA(1,0,1)"
2025-04-03,0.0002631937847981792,SPY,"ARIMA(1,0,1)"
2025-04-04,0.0015823272162887821,SPY,"ARIMA(1,0,1)"
2025-04-07,-0.008451686938525329,SPY,"ARIMA(1,0,1)"
2025-04-08,-0.001110501642229458,SPY,"ARIMA(1,0,1)"
2025-04-09,-0.0034793099340889046,SPY,"ARIMA(1,0,1)"
2025-04-10,0.004457982140720632,SPY,"ARIMA(1,0,1)"
2025-04-11,0.0037209885482510975,SPY,"ARIMA(1,0,1)"
2025-04-14,-0.008222658657460124,SPY,"ARIMA(1,0,1)"
2025-04-15,-0.0007557892718552968,SPY,"ARIMA(1,0,1)"
2025-04-16,0.0003763880541959674,SPY,"ARIMA(1,0,1)"
2025-04-17,0.0024967948882513896,SPY,"ARIMA(1,0,1)"
2025-04-21,0.00021744430464016058,SPY,"ARIMA(1,0,1)"
2025-04-22,0.0025695571564106116,SPY,"ARIMA(1,0,1)"
2025-04-23,-0.00032928056381826377,SPY,"ARIMA(1,0,1)"
2025-04-24,-0.0013126815780974607,SPY,"ARIMA(1,0,1)"
2025-04-25,-0.002446241089012372,SPY,"ARIMA(1,0,1)"
2025-04-28,-0.00032149765103430287,SPY,"ARIMA(1,0,1)"
2025-04-29,0.00035694420042165257,SPY,"ARIMA(1,0,1)"
2025-04-30,-0.00010360230224909115,SPY,"ARIMA(1,0,1)"
2025-05-01,0.0003657061714942145,SPY,"ARIMA(1,0,1)"
2025-05-02,-0.00018508564845127665,SPY,"ARIMA(1,0,1)"
2025-05-05,-0.0005360190720335952,SPY,"ARIMA(1,0,1)"
2025-05-06,0.0010152494296259934,SPY,"ARIMA(1,0,1)"
2025-05-07,0.0007117962091877789,SPY,"ARIMA(1,0,1)"
2025-05-08,9.23897801129558e-05,SPY,"ARIMA(1,0,1)"
2025-05-09,-1.0243673263765434e-05,SPY,"ARIMA(1,0,1)"
2025-05-12,0.0007964047619049709,SPY,"ARIMA(1,0,1)"
2025-05-13,-0.003264852664781904,SPY,"ARIMA(1,0,1)"
2025-05-14,-0.00014043761606313192,SPY,"ARIMA(1,0,1)"
2025-05-15,0.0004278790060435616,SPY,"ARIMA(1,0,1)"
2025-05-16,0.0005110711992161647,SPY,"ARIMA(1,0,1)"
2025-05-19,-5.229483078294508e-05,SPY,"ARIMA(1,0,1)"
2025-05-20,0.0007727762921448441,SPY,"ARIMA(1,0,1)"
2025-05-21,0.0007627444109910045,SPY,"ARIMA(1,0,1)"
2025-05-22,0.0020919427197531202,SPY,"ARIMA(1,0,1)"
2025-05-23,-0.000493775382434839,SPY,"ARIMA(1,0,1)"
2025-05-27,0.001655571120186564,SPY,"ARIMA(1,0,1)"
2025-05-28,-0.0012919351902365044,SPY,"ARIMA(1,0,1)"
2025-05-29,0.0009732087810814647,SPY,"ARIMA(1,0,1)"
2025-05-30,0.00018231510813163836,SPY,"ARIMA(1,0,1)"
2025-06-02,0.0006023807662686077,SPY,"ARIMA(1,0,1)"
2025-06-03,-0.0006842094084076742,SPY,"ARIMA(1,0,1)"
2025-06-04,0.0006765717143041708,SPY,"ARIMA(1,0,1)"
2025-06-05,0.000580488202223817,SPY,"ARIMA(1,0,1)"
2025-06-06,0.0009950716111622386,SPY,"ARIMA(1,0,1)"
2025-06-09,-0.0003299642451878082,SPY,"ARIMA(1,0,1)"
2025-06-10,0.0012469601496160384,SPY,"ARIMA(1,0,1)"
2025-06-11,4.974889383108284e-05,SPY,"ARIMA(1,0,1)"
2025-06-12,0.0014558622836866521,SPY,"ARIMA(1,0,1)"
2025-06-13,-0.00039656133266978975,SPY,"ARIMA(1,0,1)"
2025-06-16,0.0015444520042082982,SPY,"ARIMA(1,0,1)"
2025-06-17,-0.00161347284825651,SPY,"ARIMA(1,0,1)"
2025-06-18,0.0012668350754567533,SPY,"ARIMA(1,0,1)"
2025-06-20,0.0005195765211167581,SPY,"ARIMA(1,0,1)"
2025-06-23,0.0014187298798582742,SPY,"ARIMA(1,0,1)"
2025-06-24,-0.001277187208396772,SPY,"ARIMA(1,0,1)"
2025-06-25,0.0002534174622100753,SPY,"ARIMA(1,0,1)"
2025-06-26,0.000593717277478514,SPY,"ARIMA(1,0,1)"
2025-06-27,-0.00037225825152296845,SPY,"ARIMA(1,0,1)"
2025-06-30,0.000542760460664286,SPY,"ARIMA(1,0,1)"
2025-07-01,5.538036403565411e-05,SPY,"ARIMA(1,0,1)"
2025-07-02,0.0005931071470898238,SPY,"ARIMA(1,0,1)"
2025-07-03,0.00019538419267098057,SPY,"ARIMA(1,0,1)"
2025-07-07,0.0001600195482042078,SPY,"ARIMA(1,0,1)"
2025-07-08,0.0016799238717284265,SPY,"ARIMA(1,0,1)"
2025-07-09,-3.2132002461104166e-05,SPY,"ARIMA(1,0,1)"
2025-07-10,0.00021481319214260782,SPY,"ARIMA(1,0,1)"
2025-07-11,0.0004350168419349611,SPY,"ARIMA(1,0,1)"
2025-07-14,0.0009979142484723902,SPY,"ARIMA(1,0,1)"
2025-07-15,2.966532753026198e-05,SPY,"ARIMA(1,0,1)"
2025-07-16,0.001265984311295778,SPY,"ARIMA(1,0,1)"
2025-07-17,-0.00028806959624512517,SPY,"ARIMA(1,0,1)"
2025-07-18,0.00030264210760430583,SPY,"ARIMA(1,0,1)"
2025-07-21,0.0007032395066872913,SPY,"ARIMA(1,0,1)"
2025-07-22,0.00023366655623715366,SPY,"ARIMA(1,0,1)"
2025-07-23,0.000773518567786497,SPY,"ARIMA(1,0,1)"
2025-07-24,-0.0003879347872480411,SPY,"ARIMA(1,0,1)"
2025-07-25,0.0011860683616157861,SPY,"ARIMA(1,0,1)"
2025-07-28,-0.00016153958759812894,SPY,"ARIMA(1,0,1)"
2025-07-29,0.0012261957959500038,SPY,"ARIMA(1,0,1)"
2025-07-30,0.0007981033207173246,SPY,"ARIMA(1,0,1)"
2025-07-31,0.0008333429439974763,SPY,"ARIMA(1,0,1)"
2025-08-01,0.0010559951928062641,SPY,"ARIMA(1,0,1)"
2025-08-04,0.002341937839823291,SPY,"ARIMA(1,0,1)"
2025-08-05,0.0013753785222210164,SPY,"ARIMA(1,0,1)"
2025-08-06,0.00011769323583202468,SPY,"ARIMA(1,0,1)"
2025-08-07,0.0013449271213732024,SPY,"ARIMA(1,0,1)"
2025-08-08,0.002723997693803501,SPY,"ARIMA(1,0,1)"
2025-08-11,-0.0007532218917917643,SPY,"ARIMA(1,0,1)"
2025-08-12,0.002463534627077443,SPY,"ARIMA(1,0,1)"
2025-08-13,0.0013856170877108473,SPY,"ARIMA(1,0,1)"
2025-08-14,-0.0002665611106337154,SPY,"ARIMA(1,0,1)"
